1274187
1726797
1859867
4008409
2240426
4567545
70049
3518385
3655435
192570
1489323
4026733
2274640
1248373
4422299
1823412
187828
3153490
2125314
2380042
2902535
4404762
4063328
2946326
3504994
3602236
876968
1093755
2744063
3560159
136619
914666
1242693
2630003
3013292
621156
1441228
1669564
3039205
1071461
3944376
368733
782055
1599017
2564883
4583829
2282014
3003946
1556440
2636761
3267961
89221
1475894
3860601
4134961
988108
4018092
1251145
1372880
1741412
1292285
1382272
1518879
4397408
1305528
2750159
4205078
2335470
106434
1861068
2034096
1649337
2398589
2954056
3181010
3275972
3932377
4023922
4213773
3898907
4150263
4198282
368594
404573
2459321
1987324
4176256
4207336
1394968
1620730
3033879
1711685
3345594
4391600
944846
1197366
1254311
3971118
3593504
1226958
1857995
349535
693990
3879497
1428118
1463783
2921824
4240297
137367
574452
3705605
1650540
1667313
1727022
4347266
4578168
657988
959360
2695433
2489054
4035399
136869
4084246
922440
2130917
1447763
231152
2182911
3213715
3322593
461601
4159988
2577443
2434511
3969776
4192942
3163079
1875481
2426733
3869973
235563
3368159
2987840
4377188
1752867
2152807
160529
767134
3549510
397403
4479178
1247299
45560
47270
688283
655360
3112863
3145631
655192
948932
3377750
993625
915206
1103764
1744356
158173
2343978
1435821
36894
225501
153569
958681
2224459
2927777
31181
807892
1304456
3164845
1259474
1479608
2085467
571466
3516707
4458724
45535
1289112
2139035
3703162
4512447
2330290
3756865
4192022
2469291
2912728
1917621
1965731
1477269
2964664
3903881
2669401
1258549
320345
1465860
3424181
3588706
3844222
3966566
3992366
3462172
1755216
266267
3472068
3531097
559757
1423406
2163083
1151528
1677592
1232523
1925545
2204276
1029872
2128205
4258809
189085
1520509
525336
4447496
4472672
1818669
1911888
1939451
3516625
2787777
1577738
3474185
3352059
4116297
2017459
744245
4024372
770064
16669
3752348
562962
2069812
4406389
4423181
1367348
143543
389737
2443062
2829980
83288
285622
1086009
2655004
3760497
4195968
2225949
2283660
1647742
1688437
3344933
422218
1814505
1635684
1893271
1926246
2842350
3977471
2166084
2429721
1536792
569851
1326903
2017616
2328184
2953127
2451751
3196189
3690090
450882
2557860
4172247
298412
2776658
1583368
578240
1307798
1636368
3364357
4173879
2453990
4522667
1191413
631137
624318
1463549
110302
2482409
3675322
879976
1107482
2050869
731208
743703
1935407
112896
1616580
2073606
1731320
2454718
1040176
1173434
1556103
3016257
3627180
3884950
1746829
2645199
2807944
2823510
540509
3338377
3047612
2163062
2790731
3425261
1757724
2922265
62942
3663882
2268573
2066124
153864
1798516
2994452
3752495
77224
1761338
1793732
1937539
3340259
3831330
1380356
1875461
3707240
4146077
3697190
2847219
3306582
3490916
2337600
3594080
256386
1133069
1891999
3132176
3321184
3903144
492717
527727
3455040
4514662
4574328
1675000
3703475
1094709
2668632
2676661
1295409
3385128
3804492
2058817
429504
1547243
4089503
267071
646807
1898461
2905196
3572572
860972
1481234
2171926
2487275
2701397
4140425
4480105
4469380
512794
999152
1180920
4041378
930957
1487253
2099442
291466
3057504
3733118
1359719
2797921
3096790
4339261
1600146
775946
3426285
80462
238790
405520
1430173
2197161
628321
2810794
3831886
2162817
3983696
4206333
788101
1527093
315356
1377235
789209
2160367
2416001
3050920
3184902
3551190
4459377
976185
893664
2261805
772544
2833482
2953025
3037610
3143003
1294003
2357688
2801245
1266799
231089
1314232
1339572
1357922
3226187
3519663
122453
2585198
3203352
4038722
4178311
1839322
2812630
1191912
1599894
1793536
1800202
1803187
2066100
3724669
1511578
2601375
3230111
23183
1791699
3578136
1496767
607278
1435550
2011724
2239199
2782762
830122
1733391
536177
757964
868152
1668468
1746095
3201469
3528737
3747037
4099058
4353052
2775451
923095
1224885
1463156
2715650
3072544
4552398
1955236
3266986
125952
177054
1414295
2338953
2832529
262754
2743927
4049990
2485183
2812722
4239089
453967
2190871
2850278
3661392
508345
563893
3517394
3829163
983381
1188326
3491943
3947929
637527
1415116
2113758
2517107
3133826
867670
1857531
4356252
246620
2147223
2908683
3187490
427874
3112647
148492
1540381
2684798
3185846
2830956
4050447
466743
606213
874918
2250379
3676754
4402279
4558347
1108876
2309419
2456375
744101
780010
3698102
515639
516969
580351
589455
3100860
3572063
4280140
4327881
4428921
879582
1611847
1924308
3852879
3312325
542867
1065740
1087828
1924021
2337233
2801588
3371610
3723641
120628
1558535
2240986
23302
1918931
823579
2338198
2427086
3664710
3939344
2733886
4448038
1295414
1863284
2003090
2058648
2233117
1421086
2840852
2011617
2811462
3524213
1456525
1675619
1950321
2137571
4358525
3808028
546233
1636444
2909284
4077072
1400264
4082053
140856
1533993
2717445
3673409
87287
284124
1175693
3404569
3914955
2367351
3229117
861674
2860831
3326959
4173736
391975
1007983
3416326
3974027
531014
2382386
99453
144986
1572443
1458399
868765
1895683
1940195
2732218
3911955
1616183
3162558
1750423
3992178
4467905
4472037
3470926
545442
4193953
412211
2850218
3085937
3492816
1149059
3106946
71851
793733
2266169
3455694
4039300
1479427
1951186
2498487
2544719
3347266
66419
144846
4300186
4328463
1263872
1382132
2345089
2740717
4013443
1426145
1464975
2089213
3264477
4274291
273805
2411455
3142410
3755441
3763335
171778
1048686
1173213
1197885
744179
1628986
3060757
3390198
214848
850560
3017279
3634620
764073
1410339
1896414
3744822
403047
647403
1192706
2534503
3752602
3804838
188350
1483249
2520753
2972435
682013
1817803
3671352
212415
1019964
1753450
2238122
2969041
3225291
3329739
3930062
9064
3109920
373567
483374
1947162
2800172
2995614
3963979
666742
1011736
1964126
2930414
685317
1208803
2102250
3786585
31046
718718
1688589
1556512
2912912
3550553
109289
2525921
2692004
3581889
3630489
3923066
148260
882686
1619802
3404483
521739
1062709
2578018
560148
1112964
1323247
330955
680368
1136409
2036831
3148288
3254217
3912278
4158161
4473131
960389
3656840
4535081
221318
1678848
1852869
596364
2727104
1307265
2207449
3221536
3848624
4063158
480452
2102376
2154582
2196170
2617245
3221387
338399
1291446
1636882
2053770
2256719
2689861
3827236
644507
2472400
3616908
4176378
4230390
1133320
1873880
1950797
3318993
3781387
3851519
809092
1256468
1288800
2882280
2788994
13175
1250758
3376322
746756
2221272
2394244
3150513
3201344
2084716
2653637
2908350
4502913
243880
2540083
2763736
4039913
1170854
1285390
1542405
1622659
1763403
2333548
3925599
3974062
4456058
4524167
1129433
4216538
4490924
1482837
2638966
3575386
4200774
1526795
3723211
385141
462974
1871575
1312552
1663636
1957938
4454922
402261
1832697
2455639
2743345
3827111
4165939
4542327
158233
1981342
2766656
3882848
327566
1127093
2182009
3600358
1587475
3892199
339255
486574
1061281
1679696
2050575
2087356
145879
640659
3991069
4388280
1644893
3562112
98544
176306
249998
1227022
2279823
3057121
3535395
56644
1306507
3691446
1378800
2200181
3295039
4189778
1218571
2094794
2678018
2895265
3850970
971368
1624930
4455415
23359
75540
1034024
3036539
2843497
3168726
3350417
4043796
235016
1063036
2671850
2836699
2998048
3560661
3828536
4388538
380069
1197461
1396620
2178422
723664
1812938
2450101
2757963
3039705
3172879
3222133
4478064
4581920
159616
4456454
155825
1007124
3266643
3932921
1488286
2177177
2256821
3622133
1507863
1768733
3354144
3425323
221735
405663
517731
2344652
2866907
4409616
2243194
4283680
4323320
179647
2123672
2564333
2838254
3054600
3994077
1138103
3286409
4292120
41171
1252596
1519897
1572134
2569421
3329872
4114371
4573896
24427
2970420
3197283
76746
192725
734061
2645754
4236191
4340222
1377742
2433369
2705951
2708327
4230571
1551882
1705806
3442599
52995
215324
282301
489729
2926076
496802
788701
868343
2650617
3121912
3499439
3510874
4149453
1883005
3083692
88505
1982648
2401358
86942
109992
668955
687642
764486
931778
4362248
4455965
1229014
2449667
2767395
3707677
3940333
3984045
121674
1087445
1194321
1731525
3863023
1443036
4340225
3238720
3836053
4560283
283900
951847
2127000
4095137
233401
543593
1480051
2458720
2536119
3344372
529692
751294
1662002
3606263
3718028
198034
251672
1997997
3692490
3940977
116303
200338
889185
1858712
3907924
4245173
297590
3183592
1365304
2495966
2640917
4287456
903847
1185499
1267287
1541003
2718603
3017093
4302619
188259
604858
2522408
1193620
1486283
2067591
3192228
56865
64194
862147
2947330
2994037
3427275
4182883
4302112
2061048
4029880
240031
1163468
3104407
3301632
1369153
1481439
2134204
2231084
2675654
2902589
3291897
4296768
54501
548766
1781613
1899767
1919627
3003413
3397654
3870034
4556020
100993
1455786
2351400
2586285
2926523
3468635
3775070
4018428
4212333
566380
608910
2920977
4443732
2876545
2931481
3154191
4326778
2096039
2355950
3920541
547717
916379
3315728
3536358
4216587
502864
1216142
1670785
3334197
3895202
4307763
229126
447543
745292
3910358
4150732
55729
1415912
4155655
116165
216409
647365
796797
1787623
3487465
4022215
100725
4240054
1700396
2617359
4372318
2196279
2457422
2844642
3438043
4337165
4452194
49575
166498
534950
1393467
1856050
2034252
3159002
3281248
61627
218958
2010448
2290100
2875371
3362418
3497802
3932444
482031
597284
1545742
2839235
3400264
4075323
226494
1105863
2561959
3012750
415821
1581767
4070938
1276724
1700319
3015837
2114762
4346669
2074033
3990105
490753
850962
1974584
3680139
3909860
782986
858705
925317
1426277
1525814
2051540
2276240
2392484
2578822
3440775
3951551
4539314
485954
1133980
1591825
1886952
2107404
2984686
3039044
3636270
4240613
4351125
708859
774045
1007156
1097150
1238597
1582225
2602433
3828966
4170637
334593
776542
799405
1293536
1944299
2065709
2179108
2384286
2487440
2506076
4245568
183325
738301
750344
1079954
1511998
2091386
2400470
2669834
122376
229681
1447874
1812989
3272143
3944528
5452
126800
1335040
2767492
2991574
111206
1398844
2223482
2309731
2365339
2397330
3193252
3380105
4392035
656200
898298
1955920
2053492
2434291
4088709
34177
231470
3981583
1831334
1902330
2108535
3245711
3499536
789130
1478006
1648929
2277780
2300562
2952541
3490929
3508680
3809774
4565856
290133
633079
692709
974937
2169473
3059205
3197041
3693536
4191562
4215271
4479759
4567570
423772
921202
1376819
1403141
2259780
2585509
2921840
3395411
2254343
2767515
2772054
3575048
4529557
4545381
928130
1597612
1789737
3503447
583824
3431155
3503058
4262528
1845551
2202704
3193182
1324206
1350312
1747561
1993221
3307503
185808
3345748
3514900
4206556
4374820
613486
915872
1099479
1711161
2774569
2838832
447781
1461836
1751204
2047023
4098744
4172648
4562576
3033127
1103001
1736846
4228079
4565772
174832
706502
1323167
1465284
2212940
3631995
3948714
4041584
4145986
4164351
4252474
977823
1485752
2276181
3152914
3387393
3621184
4106037
538465
588864
761588
992684
1419853
1966021
3908935
3977147
4012122
2339003
2391430
3475084
946564
1116149
2074563
2207921
2443871
3646462
3847702
258825
684113
1207359
3364482
4503579
114363
165917
720717
1139746
1351938
2547062
2652976
2831635
4103454
4113935
4530991
1106379
1287438
2097112
4188987
331605
460872
1361144
2052767
3093027
3908527
1374374
1914800
3355837
3673221
4069073
886994
1115493
1126353
1838753
1847537
2020144
2057285
3354708
3506522
4099521
4256789
352165
358336
449194
883945
2053727
2454790
2769459
3989671
341693
1790192
1990023
2127168
2271703
4319915
4396618
91984
141607
200041
390979
2004986
2439640
2989055
3255176
3294500
3366254
3584181
3895402
4173042
4183883
4484400
650659
1405160
1678658
1785166
1805736
1858860
1944605
4123757
50916
350651
2064296
2436789
3247277
3720396
4549587
781474
1017631
1465864
1518204
2863198
3845193
314318
789714
2099844
2588689
3440399
4192820
4263256
4443869
4522081
59878
2410541
2514822
3574397
3657859
3862256
4234104
4386004
672978
1062592
1254051
1360888
1925181
2172279
2351274
2614105
3556993
3780385
4403880
4542997
4548624
174681
200319
341984
980932
1672461
2078588
711846
1518606
1549163
2565768
2759964
3086899
3126536
3396816
3465043
61026
183572
899710
1610587
1984979
2184983
2511583
3565388
4021955
4489917
787399
1219754
1532176
1543028
3336716
3403566
3883878
543984
2291739
2336726
3894731
4385172
4578384
418838
666301
842411
1394181
1925095
3490777
3754180
3841627
758992
1104167
2210903
2337340
3185285
3528424
3894317
4307807
4367297
61062
191875
213169
418170
486886
978854
1572224
1760702
2435687
3128483
4249104
4465323
95720
376618
777892
1088311
1563172
1597012
1648978
3092947
3525710
897443
944377
1641420
1814070
2062103
2796200
2861528
3054555
3488278
682885
1505673
1839440
2582698
3584280
3792933
6314
426104
517828
1998051
2170158
3429022
1416440
1880134
2374379
3639470
3899952
4308641
408669
542498
1228111
1628516
1874171
3004692
64893
201838
1054773
1174618
1810374
2557355
2874340
2889987
4191931
34866
1633265
2286684
3364935
3585701
3608895
3671147
3874658
3938649
735673
1068859
1356991
1566724
1609528
1912548
3296093
1734860
2170120
2196919
2578077
2897948
3040580
3734198
3883680
1996993
3858367
4155881
4252503
4364139
640563
903131
1710400
2358623
2885875
3066332
3076673
4327343
4329836
4375873
4430425
57636
929086
1068709
1500699
1864223
2071756
2130151
3384805
4232495
35314
64523
568776
1153297
1426181
1426727
1604630
2047867
2315620
4290386
63571
645893
841946
1096386
2467965
3156175
3468487
3477895
4013756
4032332
4466435
388960
492593
1057142
1326895
1601969
1700953
2207335
2506286
3379537
3407956
3466323
3697223
3773246
3842430
3938267
30993
177114
178582
423502
717752
1742637
2385471
2525421
2861503
29294
1267769
1295651
1738444
3135363
3157965
3217721
3827858
3896313
4001540
4271459
4404579
1738407
2733323
3036743
3232875
3753691
3784472
3949854
4292487
800145
856329
1631118
2996707
3454127
3774721
4529050
505088
823718
1136656
1941329
2185836
2427985
2590049
3605285
82450
663739
1859574
2508213
2893261
3185396
3735030
3750665
4008936
4075545
153216
927617
994996
1103394
1562606
2676758
4071293
4105186
20536
2292827
2430936
2935058
3109407
3250655
3261322
3851331
4266857
1199793
1358944
1513740
2292299
2331509
2652462
2921434
3085676
3209380
3358014
3451575
4065215
4137009
4278816
4535344
395895
1035905
1924033
1986525
2136561
2218399
2288016
2388690
2865242
3345083
3652648
4005472
4256572
4308363
743077
815335
871460
1166330
1678321
3213045
3465727
3953351
4052637
4202722
289179
367590
1012643
2030668
2508505
2895201
32132
183329
531236
631706
2250095
2788194
2902317
3051852
3268056
792477
920876
1313480
1777803
2006779
4105347
4350549
277844
325102
1024280
1415446
1456308
2169865
2651217
2905802
2932493
3033358
3740918
4220434
4455592
4522836
425585
655817
1298749
1688059
1692054
3343178
3473826
3551662
3902281
4279298
4365876
593013
705555
1551083
1888021
2433352
2755981
2936931
2996434
3196388
3479449
3674073
3784447
4524489
427997
961204
965616
2202904
2683869
2776751
3235571
3337444
3721740
3975476
4038503
4346151
4405653
4465561
768627
1599194
1726530
2635172
3017668
3777176
480087
1824312
1972830
4537318
830909
1343414
1400489
2270734
2397347
2854941
3100145
4314885
4394868
34458
138577
244498
486469
802491
3722702
4274000
40831
188069
243958
606990
1525684
1802518
2001709
2268947
2403043
2515746
3136601
3573642
3618072
3679989
3840279
4380707
144731
685167
796248
1367394
2447590
3452342
4545803
289976
502389
1188159
1239457
1393004
2416586
2617105
3193351
3482184
4159706
4552226
310576
1441911
1671593
1968875
3168935
3292731
3484493
3798169
3886707
277168
363454
885687
1517609
3116323
3531335
3910242
4176632
456742
607968
776600
1070401
1095928
1263453
1444187
2653768
2825493
3189326
3865191
483565
2313151
2580115
2766461
3657359
3682186
3688533
3725264
3884318
260294
1637872
1649973
1774708
1986894
2126883
2427330
2761131
3481113
3611535
3912349
3928553
4068010
4312010
4427203
11360
13110
1281320
1948943
2627346
2993263
3512227
3512759
3981014
4124567
4463779
269366
2064619
2781754
2809216
3141123
3471671
294832
729824
909567
1234376
1423101
1619389
2509364
2755213
3079439
4158779
4530497
4551082
48934
841511
1202701
1475910
1586797
1704804
1722834
3185890
3922780
4056458
568400
576287
1059821
1114989
1150895
1151863
1180417
1190148
1385958
1694242
2168532
2837439
2944892
3100352
3167868
3241457
191579
194172
426614
487365
755374
871425
938758
1200034
1273058
1496029
2016916
3448369
36
36478
44918
1442888
1822533
1941073
2158819
2181476
2318246
2645501
2782968
3044328
3067948
3578014
3768484
4000258
4012131
1048890
1260868
1439720
1979096
2964825
3478884
3902867
4264807
4519069
728510
1315870
1358163
1591521
1638705
1688110
1927293
2044828
2655244
2796641
3327054
3481917
3525162
4075107
257287
536511
583381
666091
1708824
1832094
2287660
2373229
2907013
4133956
4199504
425305
933617
1892411
2211174
3293183
3378435
3406921
3533110
3661991
36984
118720
887271
1190448
1576881
1802296
1925864
2052518
2088058
2407503
2647924
2726849
2775417
3637592
4278896
87696
124972
700090
889079
964090
1131531
1453028
1836493
2988118
3908260
4075786
4244124
4399687
4421494
191096
501236
936316
1188631
1639604
1747891
2114344
2134075
2354378
2722009
2890622
2933897
3224758
4067057
4196586
4345759
4370286
116280
676702
1460736
1929933
2124733
2457207
2511754
2810778
3002175
3099239
3141803
3759173
3868748
3916285
4327219
4375124
38795
165158
514549
657087
990781
1349089
1350758
2362015
2574357
3597439
3704113
3863490
4111873
4220359
4422415
309479
2346984
2384889
3711299
3900777
4180595
4194928
4561763
538670
643264
743796
1785751
2369684
2536582
2751695
3002587
3013849
3111960
3397418
3485651
3514124
3908234
232662
569970
838792
974288
1745694
3249896
3294133
4040921
4279299
4390447
4553067
1422831
1805819
2077669
2266306
2710376
2930768
3023044
4215970
4259922
4376685
4575422
201459
301950
609499
1229217
2661152
2700540
2800246
2948486
3135786
3152342
3519073
3785036
4195914
4440487
4516586
464131
740475
1222807
1309950
1417947
1637110
1853242
1889813
2197661
2540898
2629622
2694820
2816779
3193097
3314912
4377500
4437897
117938
170173
226689
975877
1090923
1431052
1607366
1748222
2039778
2241022
2845322
2896178
3519722
4189711
771929
1424007
1445411
1497884
1517588
1572361
1590988
1764013
2013053
2603542
2617711
2623814
3112839
3457937
3542026
3971261
4284137
4392823
4465865
4506260
4557927
84663
815654
884148
1135576
1923144
2030151
2256459
2292611
2368929
3289933
3313633
3825965
3975991
3985564
4318403
4346351
1098029
2681387
3078006
3434153
3940798
4284928
4397109
410751
561027
1162217
1864094
2323565
2414047
2631672
2766332
2998912
3368654
3626792
3731427
3786145
3834248
3839123
451947
722573
935969
962613
1118456
2033287
2267668
2284821
2330622
3157272
3627244
3850241
3874265
4311693
399516
715711
1010707
1563551
1613361
1751902
1768301
1798626
1828073
2356263
2469010
2532931
2690894
2751316
2770066
2929428
2995423
3590852
3684798
3735089
4022226
4064707
4175869
4362759
4429762
10023
1001916
1146372
1197645
2212977
2575804
2895388
3402776
3433976
3778551
4055362
4410707
4480711
244166
410215
503761
662041
743354
790232
885367
1010178
1037087
1049463
1215371
1229475
1409528
1706937
1765405
1842684
2489491
2532350
2648206
3322030
3386953
3921467
4429043
525
528794
749913
1000861
1023414
1239637
1242881
1475642
1929884
2079271
2634294
2774706
2960725
3218361
3801083
3991128
4249831
104708
925018
1153208
1538826
1702760
2040556
2130553
2526219
2632039
2993462
3074680
3267203
3387027
3567000
3747238
3767391
4155755
4384244
349227
598236
758410
1029699
1122675
1346372
1571562
1606740
1705649
2167452
2869251
2930955
2947637
3540631
4079121
4240576
772738
779202
1013780
1390337
1706701
1765337
1885356
2009092
2486800
2923932
3183653
3210003
3321366
3324793
3550141
4088587
4427323
86872
288376
1048611
1177055
1402461
1537313
1842488
1914532
2404248
2909551
3013602
3151972
3583202
3943374
4056748
4109679
4158262
4228134
4288676
210159
366094
367801
406378
592584
649306
812394
1841230
2069210
2579638
2643569
2896100
3266705
3330076
3371508
3436114
3581320
4118197
4374825
154367
288914
491730
600276
1314868
1693856
1721411
2226852
2272147
2456364
2610866
2831390
3479805
3784975
3949798
3965580
4161011
4334783
4376826
63110
152049
294704
750088
810158
1582510
2005264
2159166
2188639
2258440
2298127
2337156
2350806
2504297
2583432
2601070
2945867
3267260
3329841
3701957
10774
163739
1348413
1387473
1538024
1546884
1637554
1655987
2070993
2135018
2247704
2635728
3171341
3354924
3455926
3491697
4110789
4225048
4268028
460962
475730
527102
912496
919507
1024131
1182909
1399325
1583607
1612442
1699507
1768787
1792957
1802542
2606168
2932401
2949610
2971001
3014358
3302721
3825180
4425526
52834
169849
481601
496647
517734
622257
695507
1846039
1952053
2581444
2759488
3288260
3456857
3463107
3707209
21113
32218
313361
338649
979631
1099697
1598610
3070139
3161656
3182738
3284852
3911591
4133712
4204056
4239026
4474293
367613
513928
714200
1434010
1515660
1541949
1881656
1979247
2586884
2984414
3008625
3138735
3619463
3805654
4354432
4461776
701288
1080446
1955656
2035392
2973885
3075580
3081479
3104571
3113303
3520528
172178
353920
746808
1042544
1397606
1573048
1656409
1901652
2207424
2209712
2313923
2369582
2421820
2475025
2608422
3492885
3841850
3926186
4499140
19101
772387
937742
1161626
1299792
1309703
1434297
2343926
2504330
2618866
3531717
3713741
3733436
3755485
3849009
4264237
4306540
27824
128739
226624
354876
1050085
1119293
1546829
1927590
2783563
2949573
3015171
3019953
3234488
3452764
3907743
4019502
4290804
4345765
4578207
99031
173944
313059
419180
543908
838307
1200637
1638452
1736427
1758288
2020707
2028105
2055558
2445005
2508871
2576792
3036019
3495782
3600629
4148816
4239854
4484298
317837
351144
426093
690272
693544
942212
1084022
1103726
1108056
2041057
2056089
2363762
2481110
2483756
2650869
2653039
2877344
3154125
3989148
488290
693729
1148609
1354418
1548314
1573592
1708663
1908812
2455761
2695860
2928445
2981665
3070086
3230625
3585801
3622661
4126787
32759
109266
568051
687723
847915
1108105
1220212
1330418
1357461
1558758
1619577
1708747
2263840
2407324
2437687
2616224
2832979
3494671
3512392
3545003
3743618
4109131
4173438
4207645
4240757
4266557
4474942
4542709
720295
1093612
1363305
1726651
1799170
2096748
2252803
2375107
2529327
2705638
2919744
3090903
3209713
3412577
3642261
3750867
3809165
3963141
4122406
4255558
229037
417446
610968
806673
1042173
1217653
1455482
1576637
1881547
1986945
2368860
2390136
2531760
3246437
3289186
3666064
3705061
3744225
3908751
4001995
4200331
4237392
4247417
4332639
242489
489675
875480
1064571
1310578
1458488
1491690
2273351
2335570
2429171
2749884
2970621
3041516
3095895
3275235
3403432
3466472
3544500
3707658
3714632
4097658
4447395
345887
1147401
1453173
1461608
1652835
1745906
2880355
3055991
4430872
146128
390624
701668
1125290
1243304
1744939
1805791
1944899
2272433
2411563
2503754
2525938
2642191
2777224
2986462
3003938
3220172
3268297
3313521
3431772
3632311
3963321
4268207
4375534
11165
33382
607182
627009
968555
1335449
1388262
1632702
2094395
2109847
2144703
2158930
2348842
2651940
2774538
2855922
2907668
3059807
3169221
3302144
3355159
3358152
3386939
3506299
3808503
3819975
4119059
4197338
4221164
4300101
4327442
4497144
222724
252156
311731
382258
475798
661641
1157972
1366432
1935686
2523041
2672888
2746802
2904987
3047484
3796557
4091302
4310092
4460471
197747
656790
787860
944100
1211455
1222245
1774336
2032125
2898669
2979166
3052665
3181695
3186845
3212197
3290432
3842900
3904557
3977789
4064013
4110566
4366840
4421502
4512730
342069
956459
971400
1018366
1121435
1237932
1284478
1475397
1822565
1863357
1913560
1983236
2110731
2439523
2617595
2663986
2740143
2804562
3640406
3733496
3758754
4205242
4368320
340875
415271
497604
755948
817205
1426655
1486351
1528687
1761703
1805650
2131871
2353273
2405828
2594203
2609524
2853890
2881162
2894189
2998552
3315962
3860556
3870995
3912092
4252151
4363808
4415991
4426767
4556434
4562446
3831
318702
454218
673854
754918
919026
1000359
1468279
1644112
1668681
1953269
2243826
2922003
3289677
3718335
4453416
14600
227600
308236
451816
596302
845354
1037519
1216953
1270177
1529556
1567615
1591019
1708426
2113227
2129902
2134935
3129751
3164881
3466011
3555068
3784731
3876362
4433270
4462524
4533055
4558105
