4011133
4533585
2076438
2209447
213841
3972474
2573697
1565617
2031982
3582227
1272071
234916
1667725
1523848
1604815
2470401
4284901
3240672
2614447
792504
272304
4151211
2646148
1581843
1122629
3466544
3405007
1454092
76751
3938421
4499478
589683
726713
3176219
3244986
3124869
1491612
2846960
3472807
1156891
3872880
1766375
289576
500718
1151866
1768488
3432139
2632767
2245760
4228890
2461264
18008
634110
649642
3287640
692505
1087839
3107718
1380541
1464595
188102
3622183
1241799
1072848
799173
4439048
792524
502342
1567283
4007215
612078
128836
1501968
46678
2111897
3729575
4160943
3026440
4368713
1012013
508447
3482421
3533669
3060513
4528517
3275018
3134048
3768439
2140778
3788202
172239
4124098
991642
807663
2285759
3235000
4389216
3145630
1284613
4490078
221785
3600555
1549791
996660
1086543
115481
2845394
3869555
1819239
1514943
1708856
1072229
1178568
2101669
3892377
524518
4263126
3259973
2641471
3088405
3632693
2660030
2585795
137487
4323739
4219952
1050665
3054027
2426818
191860
19347
3937157
4225887
3666708
2811951
3293484
682906
3419420
2924143
2068923
1937646
654490
3155394
925403
177543
1571903
1162788
184797
2978502
972718
2151858
3243154
2729918
3731273
1675161
2804344
1745650
1116542
3372075
348684
3099696
3334817
2063908
1883060
4228635
2645033
286671
3669898
3947776
3378061
3865074
22459
76887
251868
3478136
3081292
222069
2177460
4569756
38045
1342939
4054061
1136325
635441
1283916
1508044
4380932
2380081
2588130
1782999
2584927
1392714
1287384
3498937
1344768
2856334
2887658
4397263
962959
3913136
3345382
3345371
3515651
3217203
811931
3623686
2995613
769358
380303
412919
3500451
4141254
340708
10035
2085991
2090813
3665606
4104485
1738740
1792965
4484357
744365
3347280
2110329
454890
1966042
4375914
2674977
3171029
154542
1602517
3418410
35700
812432
3759252
622035
3396270
3939477
831615
3892288
4333947
3667946
531611
100039
339347
2034546
265439
2865345
704442
1235122
3321196
315171
451319
4344735
4451534
1038436
18903
4287404
666676
2915824
53586
2720616
2507888
4122687
3668574
2317118
1296253
1714413
3305243
3916449
4305724
3872048
903913
4533914
869768
1881602
2933351
2388042
3737229
2691785
2424638
4483314
3053494
2237572
1608502
297403
2608520
1057841
3015937
3408137
3783964
732320
2832248
3205967
3087774
3733091
689679
3135218
3156987
4316979
2928384
1118975
1464339
3402285
362736
1497031
2169794
2231031
2980907
4425481
796365
2794172
420011
3755915
2027486
3839614
4521727
822375
2666506
3456869
2210017
764592
917519
34504
3584690
2325779
3370475
3794933
736866
2021989
1694107
24363
1371812
4501345
1838313
2512557
2019759
431150
1890945
1869807
1282238
4427905
4408755
4049722
4298526
907741
207777
3170691
2458580
3206753
213466
1258610
3672847
1972574
4162864
3210328
2068354
360696
503870
4480752
2986208
1077976
91188
1177079
1835537
2536952
1130570
315526
4325610
4433527
4169789
642466
284804
212162
