543252
824726
3328995
33048
551926
94890
1565648
3550089
4251712
461713
4382786
2142758
3511734
4499290
1242704
21641
886207
762599
2824061
1539377
2604516
2262863
3413328
1196943
1697930
1880959
223196
2178060
2299508
3551700
4258347
2534874
3541703
63375
1119117
4425593
2406460
4161487
4176007
205304
520106
1931005
2457543
3980101
1868057
4017590
2385717
240317
2410739
228202
2550008
4580338
1179799
3659103
1279904
3081685
751355
2344342
3556782
1204519
1084525
3516274
4154051
1319614
1956425
4438218
2958665
256223
1247705
2603154
1253876
711892
1468622
1649511
1770732
948139
3487457
1404608
1551249
1438550
3836325
3010695
2501578
3181961
2705438
4250627
542163
43445
2013630
2139701
1567660
2126405
401445
446481
3458589
3377178
1884367
4092329
2462744
2417855
1009690
4498297
444534
1832204
3050685
1780765
3876540
3540015
1802395
187361
1426397
2378915
2396442
1619956
3551384
1427075
1506826
605721
78875
522681
3241763
4198994
1567095
3689751
1939036
4421717
1264263
4384150
4264412
4225204
1126899
2100224
2550387
1119112
2742659
5678
3474546
894306
2964858
229082
610089
4344010
2554798
2439827
1302886
503915
4377935
976257
3847247
1842605
2032651
3728512
551963
2378937
868188
3517194
1091333
195430
4333385
3028585
3772375
1336025
398644
155778
3010451
2896239
486025
3843638
383618
1222051
1817280
1898833
2616578
340831
1960078
3075007
4544606
165098
4574364
621213
3926442
3592235
3799231
685242
196892
155734
307424
2618263
1295698
1851239
3626685
500193
4151088
1359497
4152065
2486889
1556405
2809945
935935
2192605
2558355
2060447
2541912
3294368
30971
1047479
893887
1546136
2865278
4520479
3843067
502237
3868090
106514
290932
1327705
2591149
4439671
1161270
2135130
3948498
1248479
3535217
2765778
954599
1993813
4430200
2483504
2648716
2769859
1461923
4169675
127768
897948
4354582
3303501
219506
3344395
4303939
2148295
3017101
878374
3466139
2657518
695299
1233895
2707971
1290667
1788012
331889
1893191
3058924
3636041
524375
154053
312113
2667972
3658612
3595755
4138763
810161
737421
337359
4111787
356069
3753058
3712454
618793
4423642
695787
3580664
2247273
3248244
453061
1834462
1625244
1696188
296422
4114141
2021194
261008
1849364
4180895
577140
1847541
4065550
501159
2058641
3964402
3985345
4334626
3857119
99840
940086
2411775
3748334
1377217
2000691
3119985
4576725
3341539
2690571
1577056
2406272
1991206
2387379
1509287
996610
3022456
1316150
1743313
2383221
2469022
73234
313273
573207
3762211
1681302
617077
108010
1808947
3120791
4476848
901174
1362207
4351615
86801
100421
3072367
2596855
2814635
47520
4020231
3451742
2215972
3407033
906892
1830721
1214093
4533036
3487712
320694
3409178
1084534
355145
512566
2258282
2260229
2434277
584932
3854353
1832047
116084
187936
213335
1826305
425546
3345009
2949755
4583506
1567907
3526231
675056
3670255
2549959
1743873
4377640
1746248
3198563
1409397
1761339
2001826
1057568
1207236
2512728
1508916
2195
2613641
1441262
2606873
1894285
2047706
3456931
941317
629083
2249103
3013553
4129572
1477425
380603
4113996
2359191
3404349
606302
4133638
2153338
1912364
305622
2910823
2517971
392294
3022784
655030
2338707
1225446
2500795
1231885
4545549
106575
4308655
1469275
3709783
1733844
2572677
4384650
796268
3417276
1520141
1925
1838416
3487641
3870375
1613710
2311669
2917925
2082758
3966741
1987943
2947578
719292
897463
1178357
3431212
3888173
3951320
2368386
3817453
3499434
384554
2078757
3891942
4571752
4181623
210257
3620100
1495517
2399072
1713581
3501298
202519
1214687
2252438
2650985
3069610
1675380
600392
993302
2333411
2337835
2310458
2470070
2270687
3772791
291827
1639561
4166676
3903788
2964098
725228
4492352
3684550
4024890
321749
442346
3371139
745768
4393895
4467744
459668
3473801
2783120
2072458
2641841
1954180
2643380
2965627
528730
782599
1657973
3250295
31780
1466685
3427728
3193890
4547168
3981042
2954091
1852170
3599430
2240270
4100459
1130887
3045845
625747
977623
2427033
2682049
2427634
728041
3509081
2124985
1227351
1637063
1991434
319286
2034524
2774232
492263
478622
1134369
3112107
3720944
3366225
379153
3533788
3982534
1508253
679416
514517
135212
2473582
3747032
3676272
3661065
4558028
3262071
1175846
3788902
757022
777977
1604427
2487110
1919962
2211809
585540
3329781
3958745
188367
1418261
1721379
1514987
4026637
4383018
8150
2518546
1727707
646541
1566591
3107749
3660692
1013546
1725165
4060681
1530700
1910739
4159968
680142
3620410
2036724
714677
3667990
3718548
1606477
1733755
2768054
2419900
3045450
1564845
3116771
441652
96484
1919452
3242791
426053
2369785
3504609
3598947
2022600
4487341
1109831
438811
2116758
3128053
863489
2102139
3553594
3017535
3903197
64179
433227
3473373
775545
1926171
4434245
660851
2195642
2209559
2542417
1838786
796623
2788056
3828581
2660625
1081708
362691
3920765
1138122
2020251
2645137
1958178
2973232
349826
1697027
1553977
134446
2561178
258207
2814025
604369
167595
4572761
4053305
2639791
1568630
4227194
3392240
3137599
3403500
3111569
4338514
2461367
44411
2146005
3710361
288836
678140
2870601
4246708
1909821
2249606
3042007
2101651
2383216
942091
1667325
1934650
2387291
2779677
3434618
3215974
2095398
2495341
2384910
1613276
251536
2394577
1576827
1107970
244199
1869869
3757148
4052467
2344421
4143327
3461920
1662103
4173513
2342166
4060783
1870403
1817260
2453862
4546220
442304
4175020
2104729
3005419
4227153
4242365
1913940
423943
3434923
2130199
3288454
3670804
63258
616841
1801992
2088073
4356441
1426917
280732
1743065
721
1284361
116177
3941800
1753878
738335
1427375
2623310
3292087
2150950
2328208
1318531
177854
2954872
713579
1226409
2664554
1014996
880048
2323129
2041018
1233338
2812069
3841757
3534618
640752
4026666
1838366
3772569
3201236
2360987
1259428
3377067
3350757
305818
4507757
64038
1477495
2715236
1942668
4362983
4432950
3954962
3695072
3754629
4047423
1227328
1917751
1959724
2580946
83066
1365107
174758
3567863
1901902
4494126
872212
255782
393943
3432946
3737056
3640869
2509936
3324217
4217553
2555821
4299037
4042862
1437930
3435307
4052370
4020979
429359
2118130
760783
2823594
3543754
2753358
1050454
4301582
4000473
2131686
2593531
3749072
2943678
3090448
1562890
1809545
3372393
1593510
3903065
2026458
4203068
4477766
2127859
3227933
2452252
2016844
3656021
4309858
1504358
2086562
2752400
339643
4341824
3621693
519191
798927
1479545
1279596
2689464
324045
2083509
4188657
2117739
2596335
2500419
3121530
4261419
1435493
3947857
2198300
3088136
1172155
3387672
1305552
2862074
1803745
2272489
3016884
2286503
1347869
3661316
2269266
2338195
1079599
1296127
2396399
1043856
2694433
3989094
3960860
4245803
1296269
4456788
4318371
3165479
438935
1379638
4570420
1722912
3726542
1883446
4254729
43756
43295
20487
2569932
2739658
2952682
207021
3520398
1454561
3055989
593221
594944
4330211
1566875
4364336
4476082
3296575
3690850
3270930
1605307
2428262
2566476
3093336
1413008
3156400
306288
1953384
547855
1719667
2761436
4230310
1095246
90031
642559
3001592
2384108
3266432
2693708
482430
2402268
1884662
1682170
2031360
2115846
3771869
370640
374827
3386134
3357540
3787121
2276043
1391597
924188
3562174
4166483
3392982
30045
1389761
883551
4349931
3795418
4194622
3766375
3161668
2711443
1043973
1634415
2735329
1986087
3316290
430614
3522911
3083772
2736343
2154072
1413986
508637
1035046
513325
1351356
3881677
278289
455858
645418
384140
2167980
4470114
1836819
1938824
3201772
2423081
145747
4506924
668778
1705005
2143195
2934219
299329
2844578
600380
605391
2432318
2566595
299121
1762680
579352
2574665
1576051
1442337
2345319
1359014
2026246
4420200
2200295
3448390
522188
1403285
2720474
1122661
3328595
2136916
2466914
4271874
1210814
9558
3852207
1055921
543423
1790126
2230200
3024883
2857954
2471323
2290345
105373
785741
4263685
3298923
1051587
2913593
230136
4389081
3019056
4281874
620383
2383555
1861965
4162982
2366748
249168
787007
3341690
4417665
506099
1676247
920574
3845546
2182712
1335184
1688022
4236792
4574106
1310272
626238
2381932
506503
620700
4286967
4290060
650624
3976648
1289086
3790527
1189662
1279889
3511304
2172708
973920
1429224
3815052
2527907
291494
1348438
386564
1567693
2916123
2130746
3533232
3218382
4550898
4520723
3947422
663480
3742581
399013
2242255
1833319
159424
1473187
3269070
3480628
2522336
131718
3802986
1690501
3495540
4022438
4305206
3464213
1754072
577270
1374282
2573239
2996488
2276399
4487510
878162
1974685
683856
3885841
4474296
715220
710663
225712
1125967
1684545
4153265
4440674
758082
652032
4067351
2584032
1234766
4105528
285658
321470
943793
3004657
3334180
2628571
1078596
3843058
303067
3438931
1484215
4066465
1437162
1951147
3858163
127061
2251210
2100408
1537938
4231500
2069754
4514735
2447454
3297350
138936
4226273
4405706
3256221
3512921
573610
805121
1502529
1918308
291120
298356
1101303
1367798
3641093
2112514
2310143
2955497
4403363
1775483
935309
2501627
3875112
4238220
4303733
1314592
274118
239444
3006081
992723
627337
137600
3734460
1309022
4224176
1971244
4459771
301621
1639789
2821763
223775
1876257
4493680
831334
1856588
2917753
4216240
203637
3424581
2348882
43249
1105841
55294
1446226
3533746
4052776
920900
30815
4463596
882962
973885
1642277
1245956
1009472
3946013
2410898
3142737
172930
8057
2280593
1603480
2465295
1193207
4061384
522558
2849590
734667
28821
2872983
3963673
4290756
239872
1676380
3002613
3338336
105744
536191
4134166
1261440
1770368
388560
3205526
3793361
3946440
944656
2308930
4092133
3435264
1181429
976804
2316982
3709246
399779
2804281
1845694
919944
1756867
4103153
328529
1326518
4362804
3213980
4362091
2020832
3128392
150052
4467895
1280664
4064526
1309263
1761793
4582953
2848370
848921
1219655
286145
1507728
4072977
1375033
1629653
1218402
411627
2102498
1326843
1926987
4549889
2580991
3952169
1284889
4223518
3347566
1710767
2766080
3670423
1768068
1294598
73975
611472
1857921
4155779
504862
618947
1632183
1149449
908663
799362
2263009
2908044
4019696
2913005
3430488
1598067
3602952
601122
2725330
4173199
270501
1332823
2027410
2612552
1129256
3475710
2263061
4245788
841741
2352131
1055823
4324966
1428496
3178531
3256528
1281502
3715007
2411704
929899
3300531
1601282
904049
4071773
4461789
33478
2288570
3754554
1100048
356177
3529412
82994
1926296
4324035
1871936
453705
1262616
1746844
1951919
3993191
4229504
870045
3227036
1891031
640956
2489265
1405333
4454260
851868
2491237
3363389
3944501
3011093
1437371
3532127
3990254
4507046
321233
579384
4474243
4468008
1833789
517169
1103117
3150296
4060747
94273
1334372
2574988
3436151
2737026
4346609
3994470
2529785
3007857
3682084
1866712
4342003
981523
413233
165415
484759
777215
1454032
920603
92337
1395284
1158147
2734525
931299
1079210
2839689
3692897
3940731
630417
4277362
1893830
2620255
1434120
3916352
29141
3892410
4262908
1880278
2506304
958204
2639824
3361539
1135309
1726710
4126578
464761
999784
1697733
2211386
1571433
3060624
3115853
1549178
3861561
306730
3769741
4182900
1897232
3192916
1717376
2362008
1315404
1325842
3209221
2292672
4168668
2508934
684677
1515389
3285749
1669425
1916415
2268960
1278756
2915808
3856731
1048473
290233
2943327
3278255
454574
2423861
1444807
3309724
1536304
2055062
2620966
3803908
1965157
2317097
3059478
3075935
1426226
2969898
484805
3006972
1792015
3728766
4019493
3586425
978337
3065718
903489
932157
1817704
3559428
4538312
3974038
3868946
3484208
4148595
3168659
1525180
2676058
4303607
2021533
3482568
1918057
4383242
840962
1275818
2715929
924101
3731070
3242841
2764101
3281674
1569282
3348391
1043730
3274326
4446853
4184347
283291
2825029
740659
1514162
2740277
2546956
2925816
4290170
504693
3845015
379323
2641808
589705
578045
4074325
3482536
1479146
890379
2395625
2726827
3028041
2926629
3652981
3344375
4103032
440118
3586517
2121026
3966354
3720668
253828
2822263
3662455
3955204
65665
366396
707468
2262224
3953698
660875
4238603
4525262
95163
1685517
763489
3075918
3290142
41647
3412174
4105286
3927720
4118514
4233249
4510779
4535982
2971982
933949
4308615
2485107
3183116
3894242
1492339
607816
1419443
3369650
340777
1427695
805292
1838658
773904
1098766
3268798
1443686
2592331
2430007
1314115
1058223
2760277
4472402
2307934
2315550
3300545
3787672
1874976
18091
1197269
1659180
3889099
4530023
4554939
4306355
2045576
218173
1355192
3026386
4210142
773949
398152
1654629
2405068
3050410
759007
2797857
3276209
4242389
2348687
3748736
2555534
1200825
2780399
1880566
4198510
162809
325135
2497757
3382359
4309836
