188358
266662
312886
948180
989255
1054054
1058302
1109152
1472456
1604859
1767300
1862312
1866105
2048564
2066917
2226196
2356283
2406606
2516287
2636830
2809854
2992299
3351682
4037714
4201034
46412
435449
603475
637406
768990
800044
969334
980577
1629025
1659534
1661134
1718944
1786366
1816747
1951825
1958069
2161120
2437232
2494497
2680591
2754009
3172943
3531441
3618530
3955902
4053844
4183449
4541580
483082
702612
729331
1118316
1359866
1407387
1416969
1442003
1481366
1832184
1959711
1960198
2102106
2331744
2453516
2520210
2520381
2525426
2590608
2629444
2747420
2861214
2868534
2907683
2915583
3297965
3441959
3490224
3565079
3627289
3902585
4046304
4070681
4161259
4210043
4365128
24539
185231
236108
774220
944684
1104373
1233189
1383145
1584278
1769484
1801549
2400582
2444348
2666092
3087981
3134365
3192675
3329916
4414121
149487
209737
578206
597532
842088
1231011
1269740
1399193
1440237
1478052
1623284
1933531
2191063
2419550
2772448
3240591
3305533
3470985
3754587
3812320
3861788
3964411
4073639
4136300
4307047
4463408
68700
87597
143718
196278
227171
296398
420189
520982
704994
722354
745535
796731
1710577
2063437
2242105
2260776
2263172
2461650
2489288
2510942
2806890
2823831
3257300
3395541
3485359
3580722
3704820
3743498
3885073
4289695
4549863
4565511
29913
126598
139014
165135
267378
468648
781937
800484
1124842
1264802
1314651
1555567
1642422
1953630
2439689
2474389
2566828
2928179
3044507
3111718
3354149
3368947
3648724
3660717
3818321
4192689
4227066
4320720
4358996
4447820
4511017
4561025
100515
228814
309439
389325
389711
544002
619723
678330
728279
751699
757783
931565
1099911
1130937
1329348
1454212
1471507
1490145
1666126
1716285
1798972
1864239
1933521
1996623
2650302
2714947
3131707
3142909
3262345
3363073
3373997
3466519
3829243
3885120
4006146
4472684
40429
65903
211961
253610
477189
800192
952724
1520845
1558177
1561149
1899089
1964335
2018282
2069198
2124505
2252654
2434422
2462021
2789455
3016733
3110267
3237318
3313665
3355458
3604476
3903973
4229003
4248395
4328195
4393191
4406756
4411715
4449379
4577156
44244
225737
325598
460554
500601
748265
1019057
1172211
1331320
1424630
1464750
1504039
1568507
1597729
2029933
2319529
2515621
2658533
2706640
2728429
3126056
3135270
3174497
3687752
3716721
3729449
3870759
3915824
3922641
3994500
4245034
4456105
4525547
4552876
72534
252554
302426
462318
838561
1014543
1109881
1120028
1207176
1229543
1320741
1465277
1553279
1596589
1657403
1815126
2215980
2262306
2270128
2449565
2666163
2683861
2813030
2950424
2959057
2973195
3084079
3173155
3735096
3858147
3921324
4040791
4045004
4382969
18353
415593
614425
690795
743825
787380
793683
1216066
1284661
1487582
1614196
1695867
1912849
1964013
1993610
2028534
2120980
2281628
2464808
2471726
2619131
2740806
2769081
2817480
3169046
3311693
3605117
3723463
3857114
3980213
4056060
4073235
4118652
4257986
4259604
144587
219892
239974
301624
343409
578340
816153
974950
1130771
1353469
1369465
1383289
1467531
1478561
1495965
1561665
1565386
1723117
2439118
2663985
2738803
2900334
2917955
3028962
3049158
3176586
3360165
3375224
3434626
3450655
3495740
3604339
3782260
3865435
3936802
4160896
4275467
4349245
4484058
92605
112099
112431
420425
530316
591285
661890
752647
761476
857799
1288490
1580634
1595394
1663885
2081460
2139387
2211009
2299549
2359308
2387238
2544926
2566616
2590721
2721496
2758002
2881793
2987969
3346008
3461254
3676059
3950040
4193743
39315
40109
184169
554966
753121
806230
829821
1267414
1349747
1454838
1617233
1701784
1791897
1890461
2004502
2013567
2228607
2434031
2548221
2582791
2792631
2896365
3247461
3416341
3437851
3514693
3561664
3756111
4194262
4273866
4286015
4299616
4348965
4487294
478379
918877
1295483
1309546
1429213
1536239
1698291
2021605
2152030
2218908
2366592
2431106
2734543
2934776
3151688
3267662
3341272
3358021
3611216
3615590
3697346
4284519
4292300
4441211
4455086
161259
175181
178803
180527
195178
282365
321331
389441
740549
743671
879318
1004057
1028523
1089564
1473935
1807846
2063722
2149413
2249339
2853875
2866475
2908633
2967234
2997030
3298682
3317919
3404293
3436362
3602441
3686885
3769356
3865483
3910269
3958514
3983273
4090025
4146334
4208856
4281150
4287363
4404104
4560982
334029
361695
490617
523119
600878
703742
749542
1008711
1055619
1144610
1300304
1301870
1326688
1421688
1603965
1622860
1856264
1864831
1973239
2088573
2150394
2397568
2512520
2544053
2654568
2889696
3198419
3286499
3373197
3373829
3374754
3384849
3726714
3777741
3914567
3972313
3983441
23820
97294
211647
368635
368919
486520
522377
607652
681241
786268
854206
919415
956214
1037176
1041963
1187460
1190392
1501505
1522814
1549458
1612429
1640135
1782112
1853048
1871558
2002979
2034268
2188688
2194853
2218431
2476244
2553452
2752032
2799409
2995790
3034895
3040213
3065477
3199308
3214921
3250578
3614055
3698304
3699226
3841185
3918504
3959693
4178452
4332407
4436204
76512
195950
248799
259369
321042
353253
382969
386887
389931
580325
653075
676993
712219
814447
907208
945242
1158323
1327747
1378959
1417246
1495172
1516476
1524081
1646791
1697401
1983283
2172583
2184093
2198128
2258682
2503899
2631277
3091329
3218068
3354786
3397160
3504125
3638334
3831011
3891823
4093579
4262028
4430847
4537897
215480
251836
259341
259837
352325
442482
459140
500938
896841
935491
1071201
1435899
1511782
1632247
1741261
1900653
1968357
2081387
2292298
2308952
2358922
2474038
2507511
2954862
3053243
3126116
3205752
3248569
3329253
3685500
3835074
3908365
4169033
4175448
4274662
4391448
4416478
4439410
4540493
4546156
4567532
89940
137664
308087
316376
353264
403018
460916
516654
649772
709692
773595
1022378
1314065
1463412
1632829
1638273
1873420
2005445
2260440
2628755
2669989
2800539
2896471
2926333
3009783
3054177
3208603
3245883
3259054
3468219
3509023
3552843
3565204
3573999
3687079
3738142
3889184
4224583
4244395
4348582
4376220
4382711
4547022
84060
363538
457645
463028
515762
530513
609670
951581
1037694
1113052
1218642
1229635
1402469
1709180
1756981
2085540
2110755
2429903
2443904
2481287
2545626
2724083
2737902
2808579
2819283
3163758
3203039
3259693
3288413
3358986
3365109
3451271
3766556
3929718
3934152
4020225
4025383
4082750
4114543
4172073
4201096
4221819
4347759
4444709
4537073
4569656
171139
448913
507612
605770
625494
775843
790899
933827
995667
1023546
1025079
1604803
1731875
1926382
1936421
2123743
2206294
2294850
2362732
2594831
2689513
2735121
2760380
2763524
2768036
2896746
3043635
3201547
3344527
3533042
3661265
3911811
4023737
4077218
4117421
4214387
4571404
86703
207567
243810
353446
427308
532560
539418
671908
828877
896710
998072
1054996
1370177
1513519
1683975
1751568
1870596
1903279
1988696
2022848
2061442
2119765
2229580
2272570
2352118
2361009
2428721
2508289
2517345
2711565
2879941
2884217
2935237
2994631
3033256
3128754
3170542
3219161
3240313
3521799
3810021
3862222
3870208
3960115
4051116
4180415
4189413
4368965
4442188
4468742
69521
83171
133835
279041
400476
433691
468314
567123
651176
674948
682007
838080
854337
860122
999472
1349952
1350607
1479600
1587219
1605772
1633169
1888178
1929016
2093392
2383290
2458603
2482003
2798933
2939667
2982917
3353420
3403126
3466331
3619277
3725327
3818428
4131534
4151465
4240994
4264293
4382550
4404025
4433224
4518645
78423
414377
548933
557103
560260
613406
728736
979566
985507
1015270
1060359
1251597
1414025
1867141
1884579
2093481
2155321
2172085
2217996
2272649
2296710
2328235
2615818
2620384
2660744
2951436
3302518
3382075
3710160
3738182
3751996
3811794
3862407
4158942
4167397
4171564
4181175
4337519
4353304
4382305
4498705
4508358
23090
98271
98473
114678
206335
281850
320103
603705
753432
891268
962002
972093
1018312
1125618
1163324
1165345
1179859
1195815
1408324
1509872
1761839
1773105
1874890
1895297
2029557
2038249
2180899
2212999
2272434
2315546
2499636
2571655
2688988
2770060
2788713
2869463
2961048
2971992
3075599
3168236
3173090
3227442
3228355
3263932
3478828
3581642
3605242
3750364
3813315
3963898
4070241
4193578
4279861
4414863
4503371
4545627
9192
249139
321090
389983
406259
513475
571287
622723
633718
913068
929044
974479
1118291
1138236
1275891
1316173
1356501
1363444
1437396
1860377
1873684
1876853
2062445
2071968
2123583
2215940
2444804
2631177
2664770
2710447
2858548
2903291
3071263
3118736
3139579
3218495
3458229
3610838
3756871
3844012
3921334
4073480
4131638
4132053
4261424
4271817
4297554
4299164
4511429
94629
182854
260087
317991
453873
470716
488226
558634
806222
921054
989944
1223131
1271498
1309798
1453559
1633310
1741976
1748210
1865048
1954023
2154370
2341303
2473991
2515044
2800499
2837619
2863789
2956457
3000921
3037913
3123106
3202723
3228209
3400300
3403746
3466357
3543655
3688202
3700138
3702924
4014951
4048441
4077368
4152243
4411703
4415817
4429025
4438193
4439866
4572506
136914
306464
426392
439030
490167
570307
591532
861708
907715
1438241
1466649
1539277
1542335
1637080
1661154
1712210
1780166
1902840
1989117
2033705
2034692
2056310
2087426
2152482
2180802
2254084
2255172
2330088
2346112
2357897
2646381
2667322
2724436
2813131
2836010
2931231
2952266
3030246
3048658
3052584
3101347
3162219
3218667
3236561
3262386
3399513
3408636
3518444
3638911
3659612
3761769
3769124
3944264
4055976
4059916
4070622
4206248
4229002
4254210
4270857
4494585
4550597
4557448
33429
204923
444346
460228
563481
565636
586674
603289
643788
752019
806890
962734
1014953
1035021
1137959
1248850
1287971
1291561
1416793
1452186
1458058
1546936
1596706
1616121
1651221
1750710
1827362
1851089
2145068
2205749
2463640
2615466
2726879
2751107
2810320
2844029
2916752
2931436
3006440
3026176
3101277
3138202
3249274
3328210
3330853
3420514
3578663
3685732
3722746
3852962
3952382
4357318
4463483
4465329
4503838
86806
137324
232343
360731
493516
524066
635970
804640
1007167
1060092
1075224
1075645
1237817
1250968
1286083
1304950
1312009
1420227
1445849
1500399
1557487
1596189
1710819
1858607
2011112
2030479
2082526
2093753
2148167
2201803
2223594
2261671
2344910
2372797
2433416
2444546
2464725
2538620
2552962
2568798
2610937
2802374
2839505
2929233
3013897
3028099
3125995
3461369
3550027
3832811
3919019
4015212
4038096
4188697
4392303
4466486
4515648
4527639
43481
60479
140286
159088
206627
237169
372909
406661
423167
479616
663206
720116
948171
964432
1049272
1070214
1224773
1366277
1387062
1480788
1505453
1705144
1796210
1849054
1866002
2461558
2481035
2553031
2615082
2683799
2769681
2790305
2905046
2933854
3087547
3178888
3272486
3346275
3518978
3644093
3748791
3851990
3979020
4052365
4053022
4170926
4285662
4319892
4330837
4357469
4382895
4413433
4421993
4434880
48695
302821
362377
638950
704867
746078
781126
1111475
1173034
1316573
1527551
1669042
1988879
2061485
2103647
2113431
2191184
2263743
2342428
2405230
2439053
2439468
2525166
2528759
2818130
3031977
3092103
3198531
3278227
3372958
3404411
3488100
3573687
3604553
3710642
4111518
4196913
4295545
4346899
4372238
4390790
4411962
4442271
4503871
253664
276666
294057
300124
301695
374908
487233
533996
572316
773539
781619
827474
902032
907550
913041
919572
963839
1017647
1125183
1238882
1273069
1351712
1410803
1617336
1630938
1678893
1831832
1890653
1910050
2098108
2160652
2281641
2306801
2340575
2418399
2510124
2567871
2591723
2845660
2910796
2920801
2982399
2987462
3030313
3031818
3045925
3066056
3131946
3207389
3219390
3234683
3312951
3408405
3572010
3587339
3717252
3742673
3845955
3846046
3960038
3970426
4051392
4109763
4131710
4143555
4274286
4289281
4317833
4333694
4441636
4512106
4560449
4562948
58356
76796
263249
283380
318663
503790
542249
547575
595671
668647
718475
762705
769541
816998
1005582
1008374
1009163
1245602
1259793
1547332
1557804
1627859
1717005
1760054
2000173
2030489
2084121
2157867
2229870
2250793
2378910
2379249
2529860
2584228
2605594
2769350
2793355
2867410
2968615
2981071
3004198
3030652
3186398
3334776
3610576
3644282
3647227
3662498
3701519
3719325
3936060
4100731
4119249
4292213
27715
92114
99231
133524
181389
254184
268341
269996
500655
516631
582563
798427
864596
870302
983793
1048540
1164003
1383151
1413150
1465839
1546252
1559426
1739800
1807596
1813085
1880552
1899071
1996133
2007113
2074438
2139365
2195536
2198633
2222383
2239176
2253063
2255195
2340454
2345842
2556756
2604636
2618215
2675665
2687688
2701751
2778802
2805356
2869543
2875056
2892283
2933277
3110846
3133033
3199797
3237018
3266697
3274654
3299086
3344863
3464482
3472533
3473595
3492111
3610416
3672140
4082320
4082922
4209073
4209672
4244922
4475529
4516685
4529793
4793
127173
145186
183626
259610
366342
409098
479144
703292
726374
785896
1052744
1067411
1139271
1146565
1240910
1315963
1375029
1556139
1629256
1764638
1803369
1823772
1921458
1921861
1933489
1957854
1992010
2180222
2192683
2226659
2426785
2430375
2594401
2599306
2624213
2632463
2654026
2710407
2774702
3121451
3189244
3204238
3293901
3306184
3323520
3325690
3483304
3592229
3632972
3716147
3724196
3797127
3800757
3801878
3862574
3884339
3924060
3931819
3950653
3985852
4130403
4151032
4174876
4190069
4193052
4202718
4281115
4475607
4484019
4500387
4522723
4557346
4567173
3839
6574
158200
190356
192922
234738
284164
384248
425599
512496
626070
633675
741865
799694
816360
855606
956337
979063
1053671
1098348
1173443
1214751
1231966
1368403
1404687
1410958
1439636
1456870
1477571
1498826
1542937
1548378
1611344
1630240
1688249
1699654
1812615
1833199
1911831
1922221
1990019
2000870
2077527
2151834
2158686
2172117
2249456
2343158
2381216
2414231
2483228
2683905
2725494
2733489
2763239
2788308
2788925
2808276
2835411
2878189
2966139
2982270
3004986
3086049
3188881
3265841
3272384
3293668
3314088
3336546
3549419
3561546
3657066
3667965
3678604
3686999
3710568
3725583
3856556
3867527
3887846
3953177
3964545
4011849
4037099
4074644
4155308
4270887
4407330
4544591
9384
11860
368049
391006
444571
444635
461938
557567
609944
686256
726157
736043
772533
793818
866384
905532
910840
918056
952786
1034794
1080894
1158867
1192822
1265266
1455029
1502363
1602999
1654245
1697616
1713994
1823246
1855913
1895452
1934040
1979583
2033897
2066629
2116247
2141250
2150115
2152374
2187523
2428164
2637711
2703955
2793759
2807252
2828770
2903124
2918360
2926406
2932272
2963272
3030827
3159103
3170875
3286458
3346614
3357783
3370022
3462544
3529040
3535571
3542624
3592016
3602242
3621126
3639813
3722780
3811121
4033961
4057760
4193166
4199270
4231858
4242335
4256644
4292735
4356787
4408771
4425350
4498142
4517028
10179
77608
80390
98359
122351
185410
245869
333318
410096
417064
451560
713850
715481
723655
792873
795036
825928
1043672
1232752
1239832
1295571
1307340
1510493
1526918
1556981
1603883
1642270
1680549
1703688
1720363
1737318
1739648
1749037
1872002
1993807
2091292
2187643
2219796
2240531
2262066
2284139
2294217
2330574
2384584
2494785
2551844
2559400
2706651
2952406
2958313
2993692
3003519
3031792
3316324
3385721
3392138
3399675
3569974
3588969
3648449
3659734
3690204
3727924
3767098
3847226
3896333
3899675
4114928
4146129
4154660
4463794
4495011
4560538
62063
63507
112261
131786
163133
242515
268967
450513
493710
516571
568672
606773
615576
711699
858179
923402
1001430
1178446
1228990
1243044
1313899
1320433
1347281
1438092
1474345
1517711
1545219
1549820
1573361
1630923
1746964
1871156
1898149
1909848
1993414
2052321
2086875
2113224
2150805
2172714
2205090
2225679
2227789
2280417
2313377
2526047
2544519
2604861
2742835
2881534
2905077
2938714
3018374
3034831
3052455
3076345
3090754
3127803
3241448
3265220
3423017
3547820
3566985
3643321
3667314
3776852
3782083
3998272
4021236
4036106
4316456
4333208
4473793
4497814
4563138
19255
30282
73934
80148
182010
255617
258622
302893
349577
427712
432393
459470
509167
569785
582202
617000
726010
742280
745198
772040
805067
876028
911437
973689
1002419
1007487
1027570
1101460
1107327
1275159
1316624
1353461
1543461
1562167
1614754
1622895
1642783
1661486
1674604
1745999
1775603
1836208
1855495
1904679
1906231
1936587
1943763
2010502
2073391
2124352
2201370
2222156
2228358
2341034
2342859
2364954
2453744
2458625
2464377
2493699
2495340
2536854
2537387
2620581
2630087
2633871
2824826
2837907
2938257
3027060
3083292
3111585
3149047
3213551
3242842
3559649
3687041
3752849
3760728
3788026
3904691
3908404
3914696
3940070
3942267
4042694
4093868
4126968
4182035
4376948
4453304
4458772
4492118
16688
30292
32843
44551
179673
246221
376821
562902
602757
623709
673618
694258
751663
834472
846224
896964
967090
1133519
1162694
1225635
1402983
1409724
1524093
1547469
1550718
1572725
1609577
1616484
1637931
1740999
1763688
1898505
1980778
2119094
2132611
2144359
2282540
2285773
2347738
2374161
2442369
2452140
2479106
2498419
2527746
2562742
2698756
2775714
2966949
2970186
3051053
3086444
3152601
3270758
3280868
3334048
3399543
3438244
3485427
3514897
3567274
3638004
3652687
3671823
3717585
3745619
3987103
3994764
4008629
4111729
4149282
4280682
4338098
4353441
4382852
4533761
4557316
13963
477887
519535
569460
583764
589152
643650
644292
645013
646716
680357
748446
790267
860788
862992
867991
878655
989312
998068
1013557
1031124
1043578
1059913
1160142
1238094
1273582
1467490
1489635
1508724
1511920
1525318
1561924
1629670
1688038
1771125
1786802
1819605
1993995
2089563
2181057
2293812
2315461
2315828
2379036
2415451
2456429
2555733
2659379
2676731
2705750
2719183
2808289
2836241
2960999
2989567
3035064
3107730
3148504
3159005
3201837
3266530
3273192
3299369
3427656
3445629
3454748
3474065
3484719
3555257
3607018
3643011
3711351
3721741
3729930
3785406
3828189
3864607
3901041
3960200
4032593
4077639
4139699
4344085
4346307
4364523
4415280
4427197
4486369
4505952
4532254
4549291
4570766
189541
198217
209035
220142
243232
389423
424653
425436
431038
483003
484344
544886
584150
602171
626601
679581
714623
727199
839814
874201
919430
936593
949191
1034076
1077250
1101725
1198424
1206204
1235291
1238972
1343102
1359711
1379284
1437990
1657193
1709123
1725675
1738686
1769328
1901262
2013016
2016810
2043215
2059908
2090708
2175887
2185092
2217991
2220491
2281370
2290826
2317139
2375469
2417701
2604475
2622965
2814995
2922256
2932128
2941202
3008963
3067228
3069427
3087373
3100241
3132030
3160233
3163182
3168151
3227090
3306815
3382519
3419243
3421452
3480928
3523197
3556473
3631180
3755975
3816530
3851790
3862277
3894489
3912946
3948585
4014095
4034403
4095268
4096477
4122315
4129422
4175876
4214366
4219627
4297933
4303982
4343455
4376459
4464213
4479427
4492691
4522412
4538050
4544509
4564408
4577929
1481
8059
37834
203212
240235
262441
414940
421744
451760
470308
615997
644473
694840
726796
751394
753615
755982
763843
789736
798606
825034
835675
851689
975255
1002933
1062137
1104122
1125343
1162054
1196912
1200265
1218147
1244266
1260883
1300049
1345585
1403533
1471967
1491673
1518981
1550493
1670256
1738450
1743742
1775869
1784559
1825605
1860525
1899733
1995445
2077538
2203423
2212775
2287461
2324573
2328338
2385424
2389451
2443642
2444517
2497162
2518696
2566528
2572561
2572936
2606699
2643257
2649839
2666042
2710515
2732854
2774368
2809626
2866071
2886485
2914092
3030277
3067734
3115658
3134577
3199063
3221588
3263233
3284270
3336028
3353806
3436557
3440448
3458463
3469103
3765251
3829391
3865467
3903461
3925461
3983103
4049004
4052002
4056968
4100066
4125957
4172195
4185751
4274255
4347512
4368685
4423388
4447789
4486270
4528202
4549674
4559399
22938
117882
128287
191085
234214
297077
307167
341369
440875
458285
465675
470367
498583
508266
611302
678583
690687
715095
731801
748961
769735
771969
786481
796536
884601
885042
887482
933703
941120
986722
1005120
1069655
1071021
1121600
1133430
1138246
1174585
1235781
1289761
1294493
1324129
1360030
1428011
1459696
1479716
1491432
1603988
1622476
1633903
1635405
1641341
1655986
1670382
1686748
1724770
1769232
1776646
1973205
1981786
2129537
2168096
2216034
2237152
2322442
2427259
2486073
2487970
2511854
2514389
2526802
2557732
2627396
2677017
2704194
2711693
2717232
2799819
2872400
2936790
2936827
2938945
3065781
3084707
3218257
3251113
3253597
3344881
3344892
3410436
3546060
3552150
3556657
3610134
3677535
3706493
3901296
3938708
4014992
4088911
4095911
4110643
4120711
4224559
4260967
4518851
4568103
21447
38588
47422
49236
76400
83048
132435
229050
235667
302405
322450
339370
396540
432196
502472
537998
572608
595042
605279
605571
619860
620074
643598
648946
657692
660660
684212
766025
767665
876316
905127
970934
994138
1036544
1100473
1116692
1144262
1178900
1200778
1237297
1285068
1329245
1362717
1365489
1406256
1409087
1469787
1489880
1530696
1615517
1663041
1669889
1678193
1709529
1716035
1856098
1866438
1881142
1882106
1896401
1915436
2031743
2051953
2102132
2124015
2127008
2200020
2245512
2246902
2260218
2266180
2375512
2408444
2429742
2469867
2479620
2564863
2565819
2598442
2599721
2625006
2725904
2744313
2788485
2808008
2817652
2818416
2953059
2985136
2990406
3001344
3041621
3129421
3137670
3184766
3186820
3191470
3194113
3198144
3222019
3238021
3253377
3293799
3335634
3359311
3397954
3401893
3442376
3446908
3551978
3560479
3595249
3633415
3635073
3814698
3831071
3882383
3900463
3917449
3956728
4002975
4070131
4090434
4153671
4215896
4260168
4364856
4459228
4464235
4497501
4503931
4530631
4544925
4547106
4567066
57260
67238
113389
140436
185398
195925
232693
272673
296063
320180
341447
398962
409083
423293
428108
444752
672110
697177
703899
705428
712095
789012
803575
863765
916666
962597
1027832
1060773
1158765
1180439
1205618
1206967
1230514
1388853
1475979
1521130
1541714
1561527
1649865
1753589
1753817
1771891
1797598
1800597
1873393
1880384
1958266
1973028
2032264
2056209
2060069
2068004
2116498
2216384
2309214
2315417
2316773
2369416
2420415
2425600
2460669
2580276
2697276
2751231
2777261
2796612
2912383
2930356
2954864
2970359
2979816
2989550
3002634
3033483
3035150
3068806
3157487
3166057
3186674
3202804
3232239
3277635
3329497
3335468
3369268
3418483
3427315
3454578
3473469
3515453
3518098
3568248
3655496
3668059
3831059
3883380
3980894
4072503
4083203
4150878
4158028
4197623
4244533
4276369
4436988
4477711
4493907
4507728
4510721
4553264
6614
12185
17708
94197
123740
179859
194337
260385
320803
336924
337927
379277
431541
487442
507599
582072
628810
653154
752858
796565
841747
846419
851276
854885
865273
919967
967582
976999
992598
1017048
1022949
1026989
1154318
1159390
1191917
1223304
1226617
1280820
1311960
1323609
1327658
1379153
1445680
1689991
1722605
1746503
1807276
1809837
1815706
1828826
1904743
1937070
1941855
1942497
1953112
1994009
2054370
2060622
2074748
2144266
2309028
2310370
2322943
2394972
2417192
2460241
2460836
2511698
2533342
2582272
2588392
2613522
2733308
2761836
2896936
3105570
3110155
3119601
3181400
3255729
3259864
3270983
3293808
3298140
3307431
3309442
3318590
3320302
3532074
3662909
3664731
3688974
3708953
3747545
3781424
3810693
3893909
3895452
3913500
4013317
4016992
4046010
4049471
4144916
4194533
4259666
4349678
4380139
4467761
4479613
4540662
6072
9336
21977
59380
78792
82666
83884
128243
177229
233489
273192
280577
287002
322833
328008
340948
417292
431020
440030
565867
576313
655161
670129
679174
714511
770140
793665
832826
876061
937733
996554
1000847
1014289
1050509
1054077
1069136
1096272
1155114
1157260
1341632
1352795
1360921
1391288
1404190
1443078
1447960
1513439
1532749
1543912
1552039
1582835
1589367
1599336
1608761
1633968
1680511
1688465
1713918
1736298
1841284
1883157
1987127
2034937
2065534
2066534
2094032
2108580
2123751
2140156
2155990
2174411
2209728
2248850
2258675
2326963
2345622
2382247
2390360
2495097
2579710
2628424
2692020
2707423
2745527
2759028
2792724
2847675
2923461
2981925
3001615
3009716
3010536
3015002
3039749
3073530
3102527
3173126
3220295
3230098
3269937
3332712
3427492
3481289
3489037
3501338
3516688
3520409
3534663
3547451
3569164
3570789
3578068
3587614
3592453
3628392
3635074
3667947
3742710
3771851
3776750
3798317
3803927
3819011
3830324
3873804
3881021
3923210
3942868
3979424
3987205
4020859
4107625
4116061
4121561
4171546
4258338
4303452
4421736
4472594
4482503
4557334
4566093
4580652
1875
83085
112565
131018
152179
154692
300625
314189
330734
339461
340059
458869
467089
476470
486548
491761
507946
515310
518706
525160
537729
548326
562046
565020
590389
599209
617916
732399
732958
747080
793030
798479
809703
930954
1016504
1060047
1101333
1152070
1193969
1241466
1247095
1268150
1335543
1363388
1397475
1514437
1523940
1545461
1600235
1676920
1678109
1710112
1745256
1746323
1758611
1763454
1767213
1817330
1833766
1845162
1851511
1891666
1904433
1969964
1970305
1996892
2041880
2079881
2167202
2197435
2201199
2208964
2235736
2238602
2320950
2366586
2377297
2403159
2420794
2450516
2482494
2503679
2513913
2532126
2559872
2579209
2666233
2704360
2711274
2735636
2742373
2780038
2792320
2811230
2829701
2837664
2843130
2900653
2940896
2945063
2974662
2978987
2993020
2997741
3056650
3104022
3145103
3181208
3191429
3193411
3200599
3219948
3319783
3339223
3344801
3404881
3415223
3438021
3451610
3465982
3469036
3487415
3501020
3508551
3516515
3538048
3570570
3596318
3668955
3685695
3696761
3709074
3718693
3728978
3730014
3754211
3757564
3793957
3799623
3876875
3914452
3937177
4057034
4135403
4143894
4198808
4329363
4331766
4334715
4357349
4401438
4415674
4478565
4482993
4531158
4537240
4544450
4546151
22976
29391
35461
37797
61830
73644
90449
217066
253837
255189
376487
385069
461378
464127
467548
525116
551424
557458
563858
590229
615307
618179
622046
628370
683413
709005
753708
779429
780172
797393
835245
851030
863860
882657
888596
895361
933210
965036
988101
1005146
1030124
1044822
1066776
1071761
1098608
1099326
1150161
1158525
1186155
1223637
1260613
1261496
1342193
1360626
1380225
1384015
1472918
1495837
1527879
1561150
1580055
1610131
1639796
1673192
1721233
1739447
1741398
1752936
1758079
1783298
1842402
1864879
1868111
2024785
2049019
2100911
2150233
2151811
2187017
2188218
2195392
2252798
2268787
2299685
2305267
2312618
2353072
2391070
2407232
2420496
2444225
2472794
2483249
2491536
2500948
2532509
2540321
2544930
2553721
2565737
2652463
2703718
2723130
2782471
2793707
2796605
2820937
2876882
2899976
2925383
2961076
2979864
2982338
3005835
3034077
3055067
3113255
3116063
3125796
3154111
3159892
3177219
3189382
3202321
3243120
3303852
3309650
3347029
3368868
3386231
3399577
3414661
3461956
3478250
3491488
3510521
3547313
3588194
3600099
3620648
3626167
3661144
3714458
3730830
3746894
3847398
3963467
4008196
4009815
4032885
4106382
4147276
4162505
4178215
4179791
4218458
4243131
4269109
4271759
4307235
4336118
4349398
4384942
4420475
4480869
4481383
4518717
4551759
4564128
4575254
22964
67046
108448
117456
180492
212908
281061
283110
285577
299538
323403
336512
450424
475739
523053
532677
550257
582662
582992
586318
636384
643717
732700
794224
805826
823843
873431
909826
1108411
1140286
1143917
1167212
1185790
1254838
1262769
1269994
1289450
1330551
1332689
1413310
1476936
1483399
1493850
1538324
1549611
1593683
1630668
1686214
1702881
1704605
1706171
1713921
1763732
1765472
1780736
1786500
1841057
1875958
1882854
1885482
1887423
1895227
1949860
1951098
1963289
1999442
2039619
2074900
2087399
2126136
2130584
2133555
2136527
2187100
2199985
2238583
2238792
2256548
2264137
2269686
2289242
2292668
2306779
2358762
2363979
2407092
2448567
2508367
2524086
2526915
2540857
2546340
2553704
2555249
2602750
2614908
2615867
2628440
2652185
2657553
2662013
2698829
2700759
2713817
2734942
2788981
2791826
2811183
2812983
2813503
2824896
2879899
2914775
2916602
2921636
2944361
2977940
2993383
2995563
3001729
3018278
3033773
3068261
3075981
3082534
3169593
3214101
3268675
3323009
3356810
3364196
3378933
3382651
3393810
3443101
3457256
3462712
3471206
3513845
3523471
3524689
3525664
3557516
3567066
3604979
3624526
3637282
3643285
3675805
3681225
3708879
3711595
3718483
3756903
3795190
3820370
3923496
3980697
3995235
4006158
4039546
4086355
4110179
4131138
4157971
4236692
4243713
4257354
4277257
4315189
4350597
4355900
4383258
4391321
4423159
4473396
4495119
4510904
4517584
4572490
13089
36890
80907
105236
211334
227808
244506
270735
342234
369496
399414
440711
467352
469906
509214
520852
572377
577216
615113
645513
648644
651510
685478
703184
720807
747511
756809
757648
773712
852233
878014
886574
893891
909710
930791
966307
985896
1008161
1027573
1052481
1083332
1094573
1104214
1104398
1125564
1128270
1142872
1150740
1188656
1259738
1277731
1320227
1323336
1371488
1377236
1427659
1437478
1452105
1487644
1490218
1527448
1533899
1589888
1590648
1592864
1597684
1639664
1646194
1649461
1659117
1775193
1781237
1796119
1832981
1858009
1886804
1905717
1912026
1914576
1937203
1946431
1966448
1999700
2009543
2025720
2045697
2096824
2136385
2226676
2254600
2261379
2267620
2283449
2326263
2335022
2344243
2416558
2417890
2447388
2466323
2467169
2475602
2510088
2524511
2539403
2601299
2601656
2634497
2643582
2643967
2686497
2705727
2726331
2732572
2739353
2746721
2797191
2825866
2829363
2842334
2843913
2848333
2862580
2900442
2952354
2952819
3019348
3025586
3031886
3039000
3047795
3051849
3070798
3107413
3109579
3155842
3161961
3184197
3215210
3223072
3246280
3287899
3290585
3308189
3389368
3412592
3418340
3475388
3525749
3530865
3548365
3659047
3686138
3696426
3750271
3751681
3755352
3806456
3839271
3852642
3865619
3954342
4007052
4023203
4024459
4033598
4037264
4141074
4150860
4175391
4184779
4202269
4203500
4216776
4235800
4242668
4281707
4283395
4288863
4292288
4303363
4324626
4340564
4380930
4392260
4434972
4449637
4460056
4484026
4511722
4536632
15903
34208
82565
119605
128901
145111
191180
194429
250117
341977
346340
347880
360274
372711
436310
441049
451855
464270
520832
530380
567047
633151
677124
707769
714717
715936
749061
756972
775217
819961
868229
882646
926082
937832
956808
1037160
1056970
1073794
1074258
1076364
1083256
1094271
1098001
1109504
1129568
1135369
1137206
1151125
1200157
1204909
1238537
1248841
1262165
1281193
1297490
1299477
1339871
1356265
1369613
1400218
1420584
1450042
1486644
1514496
1521974
1526767
1577699
1589873
1602784
1607879
1611087
1641797
1661307
1678894
1752004
1776716
1781710
1785503
1836547
1858258
1903824
1921519
1921985
1939890
1970668
1993269
2000227
2039740
2046889
2090505
2092925
2106575
2110877
2121543
2123731
2182858
2209263
2255701
2256167
2295510
2348180
2393668
2466462
2470449
2475295
2498488
2511980
2514911
2525087
2579786
2586202
2621977
2626114
2637199
2652442
2673054
2688598
2701273
2705329
2737587
2744043
2790558
2796755
2812767
2819113
2837201
2839605
2869373
2905986
2917210
2949332
2965491
2999172
3067570
3069067
3111595
3134865
3137611
3166958
3182836
3241025
3267404
3274545
3316931
3319873
3331166
3351122
3374552
3463455
3493276
3541220
3620080
3666902
3671580
3680443
3703472
3741498
3750168
3760286
3799238
3799278
3841755
3842474
3858392
3863562
3867074
3937393
3943256
3956074
3967190
3983930
3990614
3996400
4051777
4077863
4154730
4195990
4246899
4251891
4256950
4260732
4262036
4304159
4365700
4396421
4412479
4449541
4452835
4453355
4463615
4518929
4522738
4530868
4532565
4537087
4579367
27278
48598
58700
59160
91778
104645
117353
118498
158620
210850
215797
226655
227810
253668
265861
268362
293959
363554
373995
375457
392470
392559
418659
428983
440031
493133
501695
505387
541414
579406
596195
623467
632948
637906
639874
652592
691452
701295
749260
768934
771754
780895
792784
810472
819237
825899
843070
897721
899652
913403
934661
951381
957253
960935
969603
974269
1000369
1064018
1088062
1092091
1099986
1117430
1134220
1175816
1192840
1198173
1210790
1224788
1248420
1293035
1349648
1350108
1418435
1422723
1427162
1463262
1468107
1471861
1474200
1477928
1483161
1498177
1523909
1538434
1545088
1593481
1611582
1631727
1632048
1636944
1646711
1668962
1681012
1700764
1704586
1732567
1767354
1768028
1781013
1796000
1798419
1816518
1822534
1832998
1860538
1861273
1863684
1923655
1950133
1962027
1974860
2007534
2014167
2018800
2021647
2034508
2061129
2084632
2087327
2096137
2105372
2112964
2162110
2211879
2214830
2253821
2298436
2301262
2316580
2327025
2327900
2332144
2339976
2343234
2394101
2403631
2449391
2462243
2503324
2568880
2601854
2656618
2668366
2668460
2695124
2695569
2716132
2762413
2766717
2774204
2778314
2813676
2850687
2869486
2879998
2940412
2945687
2955151
3004726
3022039
3033571
3074396
3088588
3123006
3133579
3161895
3250219
3291248
3311262
3376584
3391685
3399189
3425142
3450066
3458719
3483580
3499865
3509247
3527370
3536408
3549984
3590221
3624796
3636658
3689510
3727334
3734026
3751253
3775345
3796708
3819054
3825539
3853085
3886809
3887834
3912651
3921500
3939511
3946005
3951382
3965252
3998353
4006749
4039696
4094105
4114565
4118214
4125541
4132924
4165655
4187178
4224393
4228879
4283940
4289743
4306410
4320402
4320988
4331942
4369143
4434033
4479077
4521313
4567133
3156
4295
40606
84062
108881
145617
188772
249216
257049
261108
309272
317411
332971
343484
351505
355041
378143
403397
404842
464175
494462
495092
514141
515971
529101
580668
586931
603533
617766
644948
665226
679618
693890
697247
702202
754664
779220
781913
797135
813634
820486
847637
871934
892272
929316
949727
955274
977047
979517
1031786
1072752
1080768
1110019
1122835
1131803
1290717
1290780
1296048
1339175
1342083
1352389
1411236
1417956
1424530
1437786
1446667
1449104
1455586
1531805
1549346
1549844
1565749
1589112
1591635
1600009
1692974
1695615
1711850
1723019
1743358
1745745
1754707
1779159
1799763
1851427
1853527
1855193
1865191
1871333
1893018
1913537
1973268
1977896
1981915
1997841
2006851
2014144
2034788
2035526
2044262
2053219
2055172
2055801
2058143
2082809
2083296
2089974
2094819
2134077
2141776
2251067
2252740
2315344
2318574
2325380
2380984
2390957
2467172
2479480
2505279
2538192
2540062
2566530
2573790
2575821
2598558
2628808
2639002
2642752
2661872
2662224
2685282
2698160
2799850
2817590
2875899
2876931
2895141
2935185
2954422
2958292
2958573
2979261
3008665
3010275
3022634
3025480
3101939
3107206
3117626
3128873
3129245
3132594
3138271
3139634
3150776
3150906
3166038
3192867
3212790
3224044
3248543
3257690
3272532
3283377
3336305
3339251
3339418
3349679
3354941
3379633
3384765
3388833
3428101
3465191
3467792
3555497
3563154
3585979
3607225
3623374
3631372
3677024
3696298
3719931
3734515
3754074
3775698
3825766
3832035
3838216
3841110
3881111
3907130
3909110
3929760
3936719
3938242
4010714
4026410
4049428
4058773
4059448
4071334
4113111
4116969
4117963
4128006
4140482
4159799
4161074
4165142
4184105
4199291
4242966
4259231
4291922
4374275
4380435
4384323
4418225
4452573
4469404
4472076
4502525
4503906
4505743
4530246
4556512
4561135
4567440
6853
24608
28295
31607
39695
56191
79901
141499
146229
149872
163389
174662
191319
208651
248336
271063
276534
314039
316174
316885
327563
336322
357944
370123
372304
380697
396076
439409
445932
479017
481654
513953
523914
539725
558238
567462
586677
592337
595950
612439
629626
632199
642381
647238
649040
658400
686289
689789
707081
714384
735969
760891
772820
782964
799151
800706
817045
829128
832964
850471
852650
860806
861435
874384
883661
884405
905634
907764
921857
957059
990540
990614
1039133
1051678
1059842
1069672
1089219
1104137
1114468
1146651
1149805
1166425
1175173
1180188
1190737
1240984
1265399
1274104
1309105
1324068
1398884
1442287
1452167
1478665
1483173
1492927
1509502
1510649
1533487
1537105
1584131
1612437
1638916
1658584
1680524
1680704
1689542
1728208
1746057
1750076
1764999
1770319
1797874
1807586
1854550
1956263
1960605
1986946
1990369
2001387
2008735
2021558
2044456
2049305
2056402
2068613
2069464
2131358
2166764
2168444
2182766
2220397
2225422
2229751
2234920
2246476
2250750
2257063
2269140
2298089
2325288
2327337
2338985
2345693
2355048
2379803
2383372
2383858
2390858
2443322
2457764
2466662
2476930
2543711
2547051
2547242
2590028
2621730
2627590
2634363
2647481
2659649
2673616
2714584
2746892
2756842
2783682
2784431
2820146
2831705
2834166
2863635
2892853
2943296
2981111
3017570
3018738
3034877
3036973
3067561
3084038
3092441
3138148
3148794
3152170
3196085
3198557
3232275
3233631
3242436
3262899
3268142
3279910
3292566
3341478
3343376
3382885
3409641
3415631
3439060
3446515
3454022
3470538
3481058
3515385
3559341
3583022
3587821
3600773
3603608
3624351
3636172
3691228
3692665
3714139
3717362
3717992
3728040
3729920
3732073
3739338
3817227
3826178
3832823
3858535
3861943
3877408
3896011
3900868
3925638
3946214
3999841
4011119
4019536
4034377
4044264
4049204
4056498
4109434
4112194
4118854
4133592
4134705
4136985
4146149
4147192
4148670
4153026
4153398
4158093
4160390
4179947
4234984
4245635
4269295
4278273
4282261
4296274
4299740
4330381
4330681
4340045
4358387
4369922
4376323
4384659
4401106
4415403
4432739
4449394
4469139
4474169
4517108
4533966
4541223
4571611
7787
36761
40761
76609
78897
80806
100911
113098
154110
180397
180458
202945
225921
241668
254202
254706
259890
260106
269530
312550
324807
337270
340554
362798
402064
408543
410296
421326
443543
451269
451320
462456
462920
484405
489005
493907
504473
517457
521318
524880
533535
541158
554398
594960
597303
632370
634214
649727
672475
676450
703153
730299
743014
749040
770642
773356
782925
783196
809752
811239
819227
846667
852930
872319
881855
888805
898198
929788
940381
941078
963986
972529
1026120
1026343
1032147
1063322
1072361
1100601
1135893
1151027
1185527
1190297
1207580
1207722
1229287
1229434
1234739
1236495
1262610
1291576
1303816
1313683
1318403
1328960
1361050
1407574
1428243
1438220
1441773
1449658
1451485
1453352
1474079
1475847
1483820
1507586
1547704
1552065
1577697
1638420
1653091
1671889
1698198
1743805
1750215
1784478
1797012
1830798
1843935
1853668
1874186
1879328
1894618
1898960
1990557
1991304
2065646
2111035
2120274
2143627
2167255
2168157
2246317
2250253
2253386
2293458
2300983
2329092
2347904
2376419
2412833
2419136
2421268
2446268
2456797
2456863
2458828
2465473
2483069
2489116
2491763
2563507
2596444
2700841
2739784
2747784
2761805
2776996
2792443
2805530
2807374
2812706
2855137
2859602
2862765
2863823
2891638
2898558
2920090
2923819
2935423
2942149
2946856
2955297
2964546
2970264
2992036
3005911
3038734
3058486
3074594
3087721
3140497
3150371
3177842
3204655
3215862
3219896
3227160
3242952
3244027
3261731
3269413
3273205
3280587
3285506
3286819
3287849
3304554
3320028
3324930
3337567
3340383
3354683
3362923
3369705
3378254
3381866
3392813
3394055
3425657
3450505
3489570
3519223
3519953
3528130
3534547
3551271
3585705
3612641
3644228
3664507
3682790
3697646
3704273
3753537
3805068
3816103
3830117
3852285
3853822
3859823
3891038
3920948
3924016
3925968
3927328
3933421
3949389
3956567
3958105
3967259
4027485
4056797
4061796
4099174
4106789
4114960
4128713
4133978
4135126
4142232
4158776
4166204
4167941
4177630
4193066
4197363
4210545
4218782
4225925
4278307
4334414
4357836
4390074
4404317
4417198
4436085
4437230
4456145
4456735
4516024
4531534
4535037
4577039
4581512
6178
24522
30885
31958
44313
46070
47353
95422
97146
104536
127856
135745
163505
175393
185038
191031
198779
211818
229007
230856
260531
268905
272158
284383
304879
313037
345788
352806
354338
365223
384325
407486
414970
421386
449312
452568
459578
494239
518569
530114
532994
536973
541679
558087
561026
591247
648543
649144
663076
669558
676154
729384
732429
766095
787987
799180
805170
807934
831937
899244
924722
926191
935288
938718
951702
989111
991691
999425
1003496
1015497
1047346
1057589
1069812
1086876
1090454
1091561
1133844
1169592
1184571
1187954
1196093
1206418
1234257
1236309
1240179
1267549
1288495
1305256
1317971
1320034
1327696
1340598
1357937
1389180
1404587
1416187
1426371
1431847
1460866
1465018
1484451
1490286
1491511
1503164
1547235
1559171
1604519
1613476
1629900
1653741
1660525
1665504
1669538
1671101
1698481
1703416
1712214
1743814
1761329
1776063
1782976
1787531
1840426
1876416
1877492
1886109
1911168
1932733
1936671
1956453
1961850
1991165
2015889
2074046
2137315
2144698
2147215
2174396
2204777
2208470
2248673
2292230
2293151
2300876
2312657
2370440
2400151
2437044
2492232
2497635
2522055
2523164
2524315
2551707
2554444
2560788
2576199
2584177
2584659
2596224
2597264
2604828
2660535
2722248
2728053
2729916
2784692
2796619
2807207
2815492
2824604
2840262
2854213
2860114
2862702
2946568
2998696
3014379
3014784
3028373
3061803
3063328
3071190
3073704
3079997
3131751
3156537
3169683
3185949
3203174
3237001
3237298
3272123
3287790
3311760
3323210
3338418
3365770
3379626
3398264
3404761
3408335
3419421
3420290
3424808
3436952
3447727
3474001
3486526
3490087
3507357
3509861
3521008
3526987
3527857
3532775
3532935
3539800
3561691
3575997
3595619
3631496
3648758
3651803
3660659
3681094
3716729
3764888
3765650
3785015
3798504
3801990
3815026
3835992
3838451
3865863
3870940
3878078
3879110
3880840
3896671
3922809
3933155
4006107
4019779
4023422
4055999
4062413
4065615
4070154
4112057
4132897
4138348
4149455
4151405
4153923
4157746
4166067
4169158
4170461
4196861
4210170
4232200
4234703
4249234
4263923
4264276
4279184
4279325
4280245
4298535
4310208
4346095
4380878
4398355
4413550
4414413
4417110
4424705
4433149
4456844
4468565
4496009
4503970
4518338
4540912
4571100
4581939
15560
28992
88526
133702
141252
144216
147048
160987
186538
197033
202655
207287
215370
226047
229758
230697
241473
280109
284128
290171
318782
334138
370263
370916
373920
384508
421496
476312
513915
516226
542778
547142
556410
564715
584251
599117
599756
618539
620834
621677
629963
662273
665837
684566
704103
708360
709616
719013
722447
726675
731784
735830
740797
748456
767297
774021
779350
794178
800015
806559
821376
832376
844810
850031
851319
877591
951992
962925
964173
978056
1002247
1002734
1003931
1008666
1056682
1058230
1067101
1081876
1088249
1100216
1107125
1113937
1122312
1126453
1140671
1141231
1177831
1197482
1199573
1199951
1229601
1254319
1275286
1283134
1291759
1300737
1318088
1335275
1347688
1368797
1396221
1410879
1418510
1431644
1454532
1477658
1501072
1514865
1521126
1538994
1543549
1561244
1571778
1572593
1572775
1574288
1577723
1578950
1587066
1592175
1606719
1617808
1640708
1646677
1647696
1666383
1667138
1668471
1682163
1692409
1705552
1710661
1727871
1742369
1749442
1749460
1757420
1758026
1762373
1775808
1790811
1795793
1818881
1826564
1828827
1839063
1877780
1882177
1915405
1922061
1940948
1960553
1974861
1987642
1994207
2001559
2032330
2051839
2069026
2077280
2125318
2143514
2158078
2203029
2210285
2214887
2222563
2230317
2277715
2278202
2287793
2299557
2317589
2347578
2353609
2359477
2367902
2400331
2429823
2431502
2438759
2454082
2460239
2477333
2482711
2494005
2558245
2597759
2633179
2634714
2642217
2648270
2668032
2721755
2753144
2777804
2780763
2784155
2797001
2807555
2836044
2853998
2854272
2899048
2933027
2947121
2953929
2958355
2960407
2981655
2983886
2992264
3009569
3094482
3098376
3102511
3105380
3120106
3127985
3138247
3139366
3192036
3202155
3215713
3223115
3261463
3293744
3314468
3343348
3353140
3359749
3361110
3364169
3367713
3367742
3405135
3410518
3417773
3437843
3440326
3458030
3462306
3483518
3499780
3500841
3509776
3532251
3569506
3630695
3640776
3678898
3693699
3706346
3720054
3763405
3763534
3773532
3788933
3824264
3861473
3871190
3876153
3884479
3926294
3936355
3982267
3991565
3998938
4023630
4023945
4069793
4082418
4099577
4101298
4128580
4156183
4169884
4172355
4184501
4202243
4217323
4243372
4251099
4268490
4292753
4311906
4328586
4337330
4344082
4355471
4364121
4374203
4377728
4403354
4409135
4415854
4454177
4461221
4477121
4487630
4509766
4522486
4580350
