0
0.0133160000000000
0.0133270000000000
0.0134900000000000
0.0135210000000000
0.0135460000000000
0.0137990000000000
0.0139280000000000
0.0139410000000000
0.0139550000000000
0.0140300000000000
0.0140720000000000
0.0140860000000000
0.0141490000000000
0.0141630000000000
0.0141780000000000
0.0141920000000000
0.0141990000000000
0.0143300000000000
0.0143500000000000
0.0143590000000000
0.0144340000000000
0.0144410000000000
0.0144640000000000
0.0144710000000000
0.0144790000000000
0.0144940000000000
0.0145020000000000
0.0145100000000000
0.0145170000000000
0.0146490000000000
0.0146810000000000
0.0147200000000000
0.0147440000000000
0.0147520000000000
0.0147680000000000
0.0147760000000000
0.0147840000000000
0.0147930000000000
0.0148010000000000
0.0148090000000000
0.0148250000000000
0.0148330000000000
0.0148410000000000
0.0148490000000000
0.0148580000000000
0.0148610000000000
0.0148870000000000
0.0148990000000000
0.0149490000000000
0.0150480000000000
0.0150760000000000
0.0150840000000000
0.0151010000000000
0.0151100000000000
0.0151190000000000
0.0151360000000000
0.0151450000000000
0.0151530000000000
0.0151620000000000
0.0151710000000000
0.0151790000000000
0.0152060000000000
0.0152500000000000
0.0152770000000000
0.0153000000000000
0.0153030000000000
0.0153140000000000
0.0153210000000000
0.0153850000000000
0.0153940000000000
0.0154400000000000
0.0154580000000000
0.0154670000000000
0.0154760000000000
0.0154970000000000
0.0155420000000000
0.0155700000000000
0.0155870000000000
0.0156080000000000
0.0156170000000000
0.0156710000000000
0.0156940000000000
0.0157020000000000
0.0157170000000000
0.0157230000000000
0.0157410000000000
0.0157520000000000
0.0157820000000000
0.0157960000000000
0.0158020000000000
0.0158110000000000
0.0158270000000000
0.0158310000000000
0.0158410000000000
0.0158510000000000
0.0158590000000000
0.0158670000000000
0.0158710000000000
0.0158750000000000
0.0158910000000000
0.0159010000000000
0.0159110000000000
0.0159150000000000
0.0159390000000000
0.0159480000000000
0.0159520000000000
0.0159560000000000
0.0159620000000000
0.0159820000000000
0.0159920000000000
0.0160210000000000
0.0160440000000000
0.0160540000000000
0.0160640000000000
0.0160960000000000
0.0161120000000000
0.0161290000000000
0.0161480000000000
0.0161580000000000
0.0161690000000000
0.0161800000000000
0.0162010000000000
0.0162110000000000
0.0162140000000000
0.0162220000000000
0.0162330000000000
0.0162540000000000
0.0162650000000000
0.0162740000000000
0.0162870000000000
0.0163080000000000
0.0163190000000000
0.0163410000000000
0.0163520000000000
0.0163960000000000
0.0164070000000000
0.0164180000000000
0.0164310000000000
0.0164510000000000
0.0164580000000000
0.0164620000000000
0.0164730000000000
0.0164850000000000
0.0165290000000000
0.0165520000000000
0.0165750000000000
0.0165860000000000
0.0166090000000000
0.0166210000000000
0.0166320000000000
0.0166440000000000
0.0166480000000000
0.0166550000000000
0.0166670000000000
0.0166760000000000
0.0166780000000000
0.0166900000000000
0.0167010000000000
0.0167130000000000
0.0167370000000000
0.0167480000000000
0.0167600000000000
0.0167720000000000
0.0167840000000000
0.0167880000000000
0.0167950000000000
0.0168070000000000
0.0168190000000000
0.0168430000000000
0.0168450000000000
0.0168550000000000
0.0168670000000000
0.0168790000000000
0.0168840000000000
0.0168910000000000
0.0169030000000000
0.0169150000000000
0.0169220000000000
0.0169270000000000
0.0169520000000000
0.0169610000000000
0.0169640000000000
0.0169760000000000
0.0169880000000000
0.0169910000000000
0.0170010000000000
0.0170130000000000
0.0170200000000000
0.0170250000000000
0.0170500000000000
0.0170620000000000
0.0170750000000000
0.0170800000000000
0.0170870000000000
0.0170900000000000
0.0171000000000000
0.0171120000000000
0.0171250000000000
0.0171370000000000
0.0171400000000000
0.0171500000000000
0.0171600000000000
0.0171620000000000
0.0171700000000000
0.0171750000000000
0.0171800000000000
0.0171880000000000
0.0172010000000000
0.0172130000000000
0.0172260000000000
0.0172390000000000
0.0172620000000000
0.0172640000000000
0.0172770000000000
0.0172900000000000
0.0173030000000000
0.0173140000000000
0.0173160000000000
0.0173420000000000
0.0173550000000000
0.0173660000000000
0.0173680000000000
0.0173760000000000
0.0173810000000000
0.0173870000000000
0.0173950000000000
0.0174080000000000
0.0174180000000000
0.0174210000000000
0.0174340000000000
0.0174400000000000
0.0174470000000000
0.0174610000000000
0.0174740000000000
0.0174870000000000
0.0174930000000000
0.0175010000000000
0.0175140000000000
0.0175250000000000
0.0175280000000000
0.0175360000000000
0.0175410000000000
0.0175470000000000
0.0175550000000000
0.0175680000000000
0.0175820000000000
0.0175900000000000
0.0175950000000000
0.0176090000000000
0.0176120000000000
0.0176230000000000
0.0176360000000000
0.0176450000000000
0.0176500000000000
0.0176560000000000
0.0176640000000000
0.0176670000000000
0.0176780000000000
0.0176890000000000
0.0176910000000000
0.0177000000000000
0.0177050000000000
0.0177190000000000
0.0177220000000000
0.0177330000000000
0.0177440000000000
0.0177470000000000
0.0177560000000000
0.0177610000000000
0.0177670000000000
0.0177750000000000
0.0177780000000000
0.0177890000000000
0.0178000000000000
0.0178030000000000
0.0178170000000000
0.0178320000000000
0.0178460000000000
0.0178570000000000
0.0178600000000000
0.0178690000000000
0.0178740000000000
0.0178800000000000
0.0178890000000000
0.0178910000000000
0.0179030000000000
0.0179170000000000
0.0179260000000000
0.0179320000000000
0.0179370000000000
0.0179460000000000
0.0179490000000000
0.0179610000000000
0.0179720000000000
0.0179750000000000
0.0179840000000000
0.0179900000000000
0.0180040000000000
0.0180070000000000
0.0180190000000000
0.0180300000000000
0.0180330000000000
0.0180420000000000
0.0180480000000000
0.0180540000000000
0.0180630000000000
0.0180660000000000
0.0180780000000000
0.0180920000000000
0.0181070000000000
0.0181130000000000
0.0181220000000000
0.0181250000000000
0.0181370000000000
0.0181490000000000
0.0181520000000000
0.0181610000000000
0.0181670000000000
0.0181730000000000
0.0181820000000000
0.0181850000000000
0.0181970000000000
0.0182090000000000
0.0182120000000000
0.0182210000000000
0.0182270000000000
0.0182330000000000
0.0182420000000000
0.0182450000000000
0.0182570000000000
0.0182700000000000
0.0182730000000000
0.0182820000000000
0.0182880000000000
0.0182940000000000
0.0183030000000000
0.0183190000000000
0.0183340000000000
0.0183490000000000
0.0183560000000000
0.0183650000000000
0.0183800000000000
0.0183930000000000
0.0183960000000000
0.0184050000000000
0.0184110000000000
0.0184180000000000
0.0184270000000000
0.0184300000000000
0.0184430000000000
0.0184550000000000
0.0184580000000000
0.0184680000000000
0.0184740000000000
0.0184810000000000
0.0184900000000000
0.0185060000000000
0.0185190000000000
0.0185220000000000
0.0185310000000000
0.0185380000000000
0.0185440000000000
0.0185540000000000
0.0185570000000000
0.0185700000000000
0.0185820000000000
0.0185860000000000
0.0185950000000000
0.0186020000000000
0.0186080000000000
0.0186180000000000
0.0186210000000000
0.0186340000000000
0.0186470000000000
0.0186500000000000
0.0186600000000000
0.0186660000000000
0.0186730000000000
0.0186830000000000
0.0186990000000000
0.0187150000000000
0.0187250000000000
0.0187320000000000
0.0187380000000000
0.0187480000000000
0.0187510000000000
0.0187650000000000
0.0187780000000000
0.0187810000000000
0.0187910000000000
0.0187980000000000
0.0188040000000000
0.0188140000000000
0.0188180000000000
0.0188310000000000
0.0188440000000000
0.0188480000000000
0.0188580000000000
0.0188650000000000
0.0188810000000000
0.0188850000000000
0.0188980000000000
0.0189120000000000
0.0189150000000000
0.0189250000000000
0.0189320000000000
0.0189390000000000
0.0189490000000000
0.0189520000000000
0.0189660000000000
0.0189800000000000
0.0189830000000000
0.0189930000000000
0.0190000000000000
0.0190070000000000
0.0190170000000000
0.0190210000000000
0.0190350000000000
0.0190520000000000
0.0190620000000000
0.0190690000000000
0.0190870000000000
0.0191040000000000
0.0191210000000000
0.0191320000000000
0.0191390000000000
0.0191460000000000
0.0191570000000000
0.0191600000000000
0.0191740000000000
0.0191880000000000
0.0191920000000000
0.0192020000000000
0.0192090000000000
0.0192170000000000
0.0192270000000000
0.0192310000000000
0.0192450000000000
0.0192630000000000
0.0192810000000000
0.0192880000000000
0.0192990000000000
0.0193020000000000
0.0193170000000000
0.0193310000000000
0.0193350000000000
0.0193460000000000
0.0193530000000000
0.0193600000000000
0.0193710000000000
0.0193750000000000
0.0193890000000000
0.0194040000000000
0.0194070000000000
0.0194180000000000
0.0194260000000000
0.0194330000000000
0.0194440000000000
0.0194480000000000
0.0194620000000000
0.0194770000000000
0.0194810000000000
0.0194920000000000
0.0194990000000000
0.0195070000000000
0.0195180000000000
0.0195220000000000
0.0195370000000000
0.0195550000000000
0.0195670000000000
0.0195740000000000
0.0195820000000000
0.0195930000000000
0.0195970000000000
0.0196120000000000
0.0196270000000000
0.0196300000000000
0.0196420000000000
0.0196490000000000
0.0196570000000000
0.0196680000000000
0.0196720000000000
0.0196870000000000
0.0197030000000000
0.0197070000000000
0.0197180000000000
0.0197260000000000
0.0197330000000000
0.0197450000000000
0.0197490000000000
0.0197640000000000
0.0197800000000000
0.0197840000000000
0.0197950000000000
0.0198030000000000
0.0198110000000000
0.0198220000000000
0.0198260000000000
0.0198420000000000
0.0198580000000000
0.0198610000000000
0.0198730000000000
0.0198810000000000
0.0198890000000000
0.0199010000000000
0.0199050000000000
0.0199200000000000
0.0199360000000000
0.0199400000000000
0.0199520000000000
0.0199600000000000
0.0199680000000000
0.0199800000000000
0.0199840000000000
0.0200000000000000
0.0200160000000000
0.0200200000000000
0.0200320000000000
0.0200400000000000
0.0200480000000000
0.0200600000000000
0.0200640000000000
0.0200800000000000
0.0200970000000000
0.0201010000000000
0.0201130000000000
0.0201210000000000
0.0201290000000000
0.0201410000000000
0.0201460000000000
0.0201620000000000
0.0201780000000000
0.0201820000000000
0.0201950000000000
0.0202030000000000
0.0202110000000000
0.0202240000000000
0.0202280000000000
0.0202440000000000
0.0202610000000000
0.0202650000000000
0.0202780000000000
0.0202860000000000
0.0202940000000000
0.0203070000000000
0.0203110000000000
0.0203280000000000
0.0203450000000000
0.0203490000000000
0.0203620000000000
0.0203700000000000
0.0203780000000000
0.0203910000000000
0.0203950000000000
0.0204120000000000
0.0204290000000000
0.0204340000000000
0.0204470000000000
0.0204550000000000
0.0204640000000000
0.0204770000000000
0.0204810000000000
0.0204980000000000
0.0205150000000000
0.0205200000000000
0.0205330000000000
0.0205410000000000
0.0205500000000000
0.0205630000000000
0.0205670000000000
0.0205850000000000
0.0206020000000000
0.0206070000000000
0.0206200000000000
0.0206280000000000
0.0206370000000000
0.0206500000000000
0.0206550000000000
0.0206720000000000
0.0206900000000000
0.0206950000000000
0.0207080000000000
0.0207170000000000
0.0207260000000000
0.0207390000000000
0.0207430000000000
0.0207610000000000
0.0207790000000000
0.0207840000000000
0.0207970000000000
0.0208060000000000
0.0208150000000000
0.0208290000000000
0.0208330000000000
0.0208510000000000
0.0208700000000000
0.0208740000000000
0.0208880000000000
0.0208970000000000
0.0209060000000000
0.0209200000000000
0.0209240000000000
0.0209430000000000
0.0209610000000000
0.0209660000000000
0.0209800000000000
0.0209890000000000
0.0209980000000000
0.0210120000000000
0.0210170000000000
0.0210350000000000
0.0210540000000000
0.0210580000000000
0.0210720000000000
0.0210820000000000
0.0210910000000000
0.0211050000000000
0.0211100000000000
0.0211290000000000
0.0211480000000000
0.0211520000000000
0.0211670000000000
0.0211760000000000
0.0211860000000000
0.0212000000000000
0.0212050000000000
0.0212240000000000
0.0212430000000000
0.0212480000000000
0.0212620000000000
0.0212720000000000
0.0212810000000000
0.0212960000000000
0.0213010000000000
0.0213200000000000
0.0213390000000000
0.0213440000000000
0.0213590000000000
0.0213690000000000
0.0213780000000000
0.0213930000000000
0.0213980000000000
0.0214180000000000
0.0214370000000000
0.0214420000000000
0.0214570000000000
0.0214670000000000
0.0214770000000000
0.0214920000000000
0.0214970000000000
0.0215170000000000
0.0215370000000000
0.0215420000000000
0.0215570000000000
0.0215670000000000
0.0215770000000000
0.0215920000000000
0.0215970000000000
0.0216170000000000
0.0216360000000000
0.0216370000000000
0.0216420000000000
0.0216570000000000
0.0216680000000000
0.0216780000000000
0.0216930000000000
0.0216980000000000
0.0217190000000000
0.0217390000000000
0.0217440000000000
0.0217600000000000
0.0217700000000000
0.0217800000000000
0.0217960000000000
0.0218010000000000
0.0218220000000000
0.0218430000000000
0.0218480000000000
0.0218630000000000
0.0218740000000000
0.0218840000000000
0.0219000000000000
0.0219050000000000
0.0219260000000000
0.0219480000000000
0.0219530000000000
0.0219690000000000
0.0219790000000000
0.0219900000000000
0.0220060000000000
0.0220110000000000
0.0220330000000000
0.0220540000000000
0.0220590000000000
0.0220760000000000
0.0220860000000000
0.0220970000000000
0.0221130000000000
0.0221190000000000
0.0221400000000000
0.0221620000000000
0.0221680000000000
0.0221840000000000
0.0221950000000000
0.0222060000000000
0.0222220000000000
0.0222280000000000
0.0222500000000000
0.0222720000000000
0.0222770000000000
0.0222940000000000
0.0223050000000000
0.0223160000000000
0.0223330000000000
0.0223380000000000
0.0223610000000000
0.0223830000000000
0.0223890000000000
0.0224060000000000
0.0224170000000000
0.0224280000000000
0.0224450000000000
0.0224510000000000
0.0224730000000000
0.0224960000000000
0.0225020000000000
0.0225190000000000
0.0225300000000000
0.0225370000000000
0.0225420000000000
0.0225590000000000
0.0225650000000000
0.0225880000000000
0.0226110000000000
0.0226170000000000
0.0226340000000000
0.0226460000000000
0.0226570000000000
0.0226750000000000
0.0226800000000000
0.0227040000000000
0.0227270000000000
0.0227330000000000
0.0227510000000000
0.0227630000000000
0.0227740000000000
0.0227850000000000
0.0227920000000000
0.0227980000000000
0.0228220000000000
0.0228460000000000
0.0228520000000000
0.0228690000000000
0.0228810000000000
0.0228930000000000
0.0229110000000000
0.0229170000000000
0.0229420000000000
0.0229660000000000
0.0229720000000000
0.0229870000000000
0.0229900000000000
0.0230020000000000
0.0230140000000000
0.0230330000000000
0.0230390000000000
0.0230630000000000
0.0230880000000000
0.0230940000000000
0.0231130000000000
0.0231250000000000
0.0231370000000000
0.0231400000000000
0.0231560000000000
0.0231620000000000
0.0231870000000000
0.0232120000000000
0.0232180000000000
0.0232370000000000
0.0232500000000000
0.0232620000000000
0.0232810000000000
0.0232870000000000
0.0233130000000000
0.0233380000000000
0.0233440000000000
0.0233630000000000
0.0233760000000000
0.0233890000000000
0.0234080000000000
0.0234150000000000
0.0234400000000000
0.0234660000000000
0.0234730000000000
0.0234920000000000
0.0235050000000000
0.0235180000000000
0.0235380000000000
0.0235440000000000
0.0235700000000000
0.0235960000000000
0.0236030000000000
0.0236230000000000
0.0236360000000000
0.0236490000000000
0.0236690000000000
0.0236760000000000
0.0236890000000000
0.0237020000000000
0.0237290000000000
0.0237360000000000
0.0237560000000000
0.0237690000000000
0.0237830000000000
0.0238030000000000
0.0238100000000000
0.0238370000000000
0.0238640000000000
0.0238700000000000
0.0238910000000000
0.0239050000000000
0.0239180000000000
0.0239390000000000
0.0239460000000000
0.0239730000000000
0.0240010000000000
0.0240080000000000
0.0240280000000000
0.0240420000000000
0.0240560000000000
0.0240770000000000
0.0240840000000000
0.0241120000000000
0.0241400000000000
0.0241470000000000
0.0241680000000000
0.0241830000000000
0.0241970000000000
0.0242180000000000
0.0242250000000000
0.0242540000000000
0.0242820000000000
0.0242890000000000
0.0243110000000000
0.0243250000000000
0.0243400000000000
0.0243610000000000
0.0243690000000000
0.0243980000000000
0.0244250000000000
0.0244270000000000
0.0244340000000000
0.0244560000000000
0.0244700000000000
0.0244850000000000
0.0245070000000000
0.0245150000000000
0.0245440000000000
0.0245740000000000
0.0245810000000000
0.0246030000000000
0.0246180000000000
0.0246330000000000
0.0246560000000000
0.0246630000000000
0.0246930000000000
0.0247230000000000
0.0247310000000000
0.0247540000000000
0.0247690000000000
0.0247840000000000
0.0248070000000000
0.0248150000000000
0.0248450000000000
0.0248760000000000
0.0248840000000000
0.0249070000000000
0.0249130000000000
0.0249220000000000
0.0249380000000000
0.0249610000000000
0.0249690000000000
0.0250000000000000
0.0250100000000000
0.0250310000000000
0.0250390000000000
0.0250630000000000
0.0250780000000000
0.0250940000000000
0.0251180000000000
0.0251260000000000
0.0251580000000000
0.0251900000000000
0.0251980000000000
0.0252220000000000
0.0252380000000000
0.0252540000000000
0.0252780000000000
0.0252860000000000
0.0252980000000000
0.0253180000000000
0.0253510000000000
0.0253590000000000
0.0253840000000000
0.0254000000000000
0.0254160000000000
0.0254410000000000
0.0254490000000000
0.0254820000000000
0.0255160000000000
0.0255240000000000
0.0255490000000000
0.0255550000000000
0.0255650000000000
0.0255820000000000
0.0256070000000000
0.0256160000000000
0.0256490000000000
0.0256830000000000
0.0256920000000000
0.0257170000000000
0.0257240000000000
0.0257340000000000
0.0257510000000000
0.0257770000000000
0.0257860000000000
0.0258200000000000
0.0258540000000000
0.0258630000000000
0.0258890000000000
0.0259060000000000
0.0259240000000000
0.0259500000000000
0.0259590000000000
0.0259940000000000
0.0260290000000000
0.0260380000000000
0.0260640000000000
0.0260820000000000
0.0261000000000000
0.0261260000000000
0.0261350000000000
0.0261600000000000
0.0261710000000000
0.0262070000000000
0.0262160000000000
0.0262430000000000
0.0262610000000000
0.0262790000000000
0.0263070000000000
0.0263160000000000
0.0263290000000000
0.0263520000000000
0.0263870000000000
0.0263890000000000
0.0263980000000000
0.0264260000000000
0.0264440000000000
0.0264630000000000
0.0264910000000000
0.0265000000000000
0.0265370000000000
0.0265750000000000
0.0265840000000000
0.0266120000000000
0.0266190000000000
0.0266310000000000
0.0266500000000000
0.0266790000000000
0.0266880000000000
0.0267260000000000
0.0267640000000000
0.0267740000000000
0.0268030000000000
0.0268220000000000
0.0268410000000000
0.0268700000000000
0.0268800000000000
0.0269190000000000
0.0269560000000000
0.0269580000000000
0.0269680000000000
0.0269970000000000
0.0270170000000000
0.0270370000000000
0.0270540000000000
0.0270670000000000
0.0270770000000000
0.0271160000000000
0.0271410000000000
0.0271560000000000
0.0271660000000000
0.0271790000000000
0.0271960000000000
0.0272040000000000
0.0272170000000000
0.0272370000000000
0.0272540000000000
0.0272670000000000
0.0272770000000000
0.0273180000000000
0.0273310000000000
0.0273430000000000
0.0273590000000000
0.0273690000000000
0.0274000000000000
0.0274200000000000
0.0274410000000000
0.0274720000000000
0.0274820000000000
0.0274850000000000
0.0275110000000000
0.0275240000000000
0.0275630000000000
0.0275660000000000
0.0275760000000000
0.0276080000000000
0.0276290000000000
0.0276500000000000
0.0276820000000000
0.0276920000000000
0.0277350000000000
0.0277750000000000
0.0277780000000000
0.0277890000000000
0.0278150000000000
0.0278210000000000
0.0278420000000000
0.0278640000000000
0.0278960000000000
0.0279070000000000
0.0279290000000000
0.0279510000000000
0.0279950000000000
0.0280060000000000
0.0280390000000000
0.0280610000000000
0.0280830000000000
0.0281160000000000
0.0281270000000000
0.0281300000000000
0.0281720000000000
0.0282170000000000
0.0282280000000000
0.0282560000000000
0.0282620000000000
0.0282840000000000
0.0282980000000000
0.0283070000000000
0.0283410000000000
0.0283520000000000
0.0283550000000000
0.0283700000000000
0.0283840000000000
0.0283980000000000
0.0284440000000000
0.0284560000000000
0.0284900000000000
0.0285130000000000
0.0285370000000000
0.0285710000000000
0.0285830000000000
0.0286010000000000
0.0286150000000000
0.0286300000000000
0.0286450000000000
0.0286770000000000
0.0286890000000000
0.0287240000000000
0.0287480000000000
0.0287720000000000
0.0287780000000000
0.0287930000000000
0.0288080000000000
0.0288200000000000
0.0288230000000000
0.0288680000000000
0.0289130000000000
0.0289160000000000
0.0289280000000000
0.0289430000000000
0.0289580000000000
0.0289640000000000
0.0289730000000000
0.0289890000000000
0.0290040000000000
0.0290130000000000
0.0290190000000000
0.0290500000000000
0.0290620000000000
0.0291110000000000
0.0291610000000000
0.0291730000000000
0.0292100000000000
0.0292200000000000
0.0292350000000000
0.0292510000000000
0.0292600000000000
0.0292820000000000
0.0292980000000000
0.0293110000000000
0.0293610000000000
0.0293770000000000
0.0294090000000000
0.0294120000000000
0.0294240000000000
0.0294630000000000
0.0294880000000000
0.0295040000000000
0.0295140000000000
0.0295530000000000
0.0295660000000000
0.0295690000000000
0.0296010000000000
0.0296170000000000
0.0296500000000000
0.0296660000000000
0.0296700000000000
0.0296830000000000
0.0296960000000000
0.0296990000000000
0.0297150000000000
0.0297220000000000
0.0297480000000000
0.0297750000000000
0.0297810000000000
0.0298140000000000
0.0298270000000000
0.0298640000000000
0.0298810000000000
0.0298940000000000
0.0299070000000000
0.0299310000000000
0.0299340000000000
0.0299480000000000
0.0299880000000000
0.0300150000000000
0.0300320000000000
0.0300420000000000
0.0300660000000000
0.0300690000000000
0.0300830000000000
0.0300960000000000
0.0301240000000000
0.0301510000000000
0.0301680000000000
0.0301790000000000
0.0301850000000000
0.0302030000000000
0.0302060000000000
0.0302200000000000
0.0302540000000000
0.0302610000000000
0.0302720000000000
0.0302890000000000
0.0303030000000000
0.0303070000000000
0.0303170000000000
0.0303240000000000
0.0303590000000000
0.0303730000000000
0.0304110000000000
0.0304290000000000
0.0304470000000000
0.0304570000000000
0.0304820000000000
0.0304860000000000
0.0305000000000000
0.0305140000000000
0.0305170000000000
0.0305350000000000
0.0305420000000000
0.0305570000000000
0.0305710000000000
0.0306000000000000
0.0306430000000000
0.0306570000000000
0.0306610000000000
0.0306860000000000
0.0307150000000000
0.0307290000000000
0.0307440000000000
0.0307510000000000
0.0307730000000000
0.0307870000000000
0.0308020000000000
0.0308060000000000
0.0308240000000000
0.0308310000000000
0.0308610000000000
0.0308900000000000
0.0309160000000000
0.0309200000000000
0.0309340000000000
0.0309490000000000
0.0309940000000000
0.0310090000000000
0.0310240000000000
0.0310270000000000
0.0310390000000000
0.0310680000000000
0.0310830000000000
0.0311290000000000
0.0311590000000000
0.0311740000000000
0.0311890000000000
0.0312350000000000
0.0312500000000000
0.0312650000000000
0.0312730000000000
0.0312960000000000
0.0313110000000000
0.0313690000000000
0.0313730000000000
0.0313880000000000
0.0314040000000000
0.0314080000000000
0.0314270000000000
0.0314350000000000
0.0314460000000000
0.0314660000000000
0.0314850000000000
0.0314970000000000
0.0315440000000000
0.0315600000000000
0.0315640000000000
0.0316230000000000
0.0316820000000000
0.0316860000000000
0.0317020000000000
0.0317220000000000
0.0317500000000000
0.0317620000000000
0.0317820000000000
0.0317980000000000
0.0318020000000000
0.0318140000000000
0.0318420000000000
0.0318630000000000
0.0318790000000000
0.0318830000000000
0.0319230000000000
0.0319440000000000
0.0319760000000000
0.0320090000000000
0.0320260000000000
0.0320460000000000
0.0320750000000000
0.0321080000000000
0.0321290000000000
0.0321410000000000
0.0321910000000000
0.0322080000000000
0.0322250000000000
0.0322330000000000
0.0322750000000000
0.0322960000000000
0.0323170000000000
0.0323250000000000
0.0323380000000000
0.0323420000000000
0.0323590000000000
0.0323760000000000
0.0324100000000000
0.0324270000000000
0.0324440000000000
0.0324660000000000
0.0324780000000000
0.0324870000000000
0.0325090000000000
0.0325300000000000
0.0325470000000000
0.0325520000000000
0.0325730000000000
0.0325950000000000
0.0326160000000000
0.0326820000000000
0.0326860000000000
0.0327030000000000
0.0327250000000000
0.0327390000000000
0.0327470000000000
0.0327560000000000
0.0327690000000000
0.0327910000000000
0.0328130000000000
0.0328270000000000
0.0328350000000000
0.0328440000000000
0.0328580000000000
0.0328800000000000
0.0328980000000000
0.0329020000000000
0.0329470000000000
0.0329510000000000
0.0329690000000000
0.0329910000000000
0.0330050000000000
0.0330140000000000
0.0330360000000000
0.0330410000000000
0.0330590000000000
0.0330820000000000
0.0331130000000000
0.0331270000000000
0.0331500000000000
0.0331720000000000
0.0331860000000000
0.0331950000000000
0.0332180000000000
0.0332410000000000
0.0332600000000000
0.0332640000000000
0.0332870000000000
0.0333100000000000
0.0333330000000000
0.0333570000000000
0.0333800000000000
0.0333890000000000
0.0334030000000000
0.0334080000000000
0.0334260000000000
0.0334500000000000
0.0334730000000000
0.0334820000000000
0.0334970000000000
0.0335010000000000
0.0335200000000000
0.0335440000000000
0.0335580000000000
0.0335670000000000
0.0335910000000000
0.0336150000000000
0.0336340000000000
0.0336380000000000
0.0336620000000000
0.0336720000000000
0.0336860000000000
0.0337100000000000
0.0337290000000000
0.0337340000000000
0.0337580000000000
0.0337870000000000
0.0338060000000000
0.0338300000000000
0.0338450000000000
0.0338550000000000
0.0338640000000000
0.0338790000000000
0.0339030000000000
0.0339280000000000
0.0339420000000000
0.0339520000000000
0.0339620000000000
0.0339760000000000
0.0340010000000000
0.0340210000000000
0.0340260000000000
0.0340500000000000
0.0340750000000000
0.0340800000000000
0.0341000000000000
0.0341250000000000
0.0341390000000000
0.0341490000000000
0.0341740000000000
0.0341790000000000
0.0341990000000000
0.0342240000000000
0.0342490000000000
0.0342590000000000
0.0342750000000000
0.0343000000000000
0.0343200000000000
0.0343250000000000
0.0343400000000000
0.0343500000000000
0.0343760000000000
0.0343810000000000
0.0344010000000000
0.0344210000000000
0.0344270000000000
0.0344420000000000
0.0344520000000000
0.0344780000000000
0.0344830000000000
0.0345030000000000
0.0345290000000000
0.0345550000000000
0.0345650000000000
0.0345810000000000
0.0345860000000000
0.0346060000000000
0.0346270000000000
0.0346320000000000
0.0346580000000000
0.0346690000000000
0.0346840000000000
0.0346900000000000
0.0347110000000000
0.0347370000000000
0.0347520000000000
0.0347630000000000
0.0347890000000000
0.0348160000000000
0.0348370000000000
0.0348420000000000
0.0348680000000000
0.0348790000000000
0.0348950000000000
0.0349220000000000
0.0349430000000000
0.0349480000000000
0.0349750000000000
0.0349860000000000
0.0350020000000000
0.0350070000000000
0.0350280000000000
0.0350550000000000
0.0350720000000000
0.0350820000000000
0.0350930000000000
0.0351090000000000
0.0351360000000000
0.0351640000000000
0.0351800000000000
0.0351910000000000
0.0352020000000000
0.0352180000000000
0.0352450000000000
0.0352670000000000
0.0352730000000000
0.0353000000000000
0.0353280000000000
0.0353330000000000
0.0353550000000000
0.0353830000000000
0.0354000000000000
0.0354110000000000
0.0354380000000000
0.0354440000000000
0.0354660000000000
0.0354940000000000
0.0355220000000000
0.0355330000000000
0.0355500000000000
0.0355780000000000
0.0356010000000000
0.0356070000000000
0.0356240000000000
0.0356350000000000
0.0356630000000000
0.0356690000000000
0.0356920000000000
0.0357140000000000
0.0357200000000000
0.0357370000000000
0.0357490000000000
0.0357770000000000
0.0358060000000000
0.0358340000000000
0.0358520000000000
0.0358630000000000
0.0358750000000000
0.0358920000000000
0.0358980000000000
0.0359210000000000
0.0359440000000000
0.0359500000000000
0.0359790000000000
0.0359910000000000
0.0360080000000000
0.0360140000000000
0.0360370000000000
0.0360670000000000
0.0360840000000000
0.0360960000000000
0.0361260000000000
0.0361550000000000
0.0361790000000000
0.0361850000000000
0.0362140000000000
0.0362260000000000
0.0362440000000000
0.0362500000000000
0.0362740000000000
0.0362980000000000
0.0363040000000000
0.0363220000000000
0.0363340000000000
0.0363640000000000
0.0363700000000000
0.0363940000000000
0.0364240000000000
0.0364420000000000
0.0364540000000000
0.0364660000000000
0.0364840000000000
0.0365150000000000
0.0365390000000000
0.0365450000000000
0.0365640000000000
0.0365760000000000
0.0365880000000000
0.0366060000000000
0.0366370000000000
0.0366620000000000
0.0366680000000000
0.0366990000000000
0.0367300000000000
0.0367360000000000
0.0367610000000000
0.0367920000000000
0.0368110000000000
0.0368230000000000
0.0368540000000000
0.0368600000000000
0.0368860000000000
0.0369170000000000
0.0369480000000000
0.0369610000000000
0.0369800000000000
0.0370120000000000
0.0370370000000000
0.0370430000000000
0.0370620000000000
0.0370750000000000
0.0370880000000000
0.0371070000000000
0.0371130000000000
0.0371390000000000
0.0371650000000000
0.0371710000000000
0.0371900000000000
0.0372030000000000
0.0372350000000000
0.0372420000000000
0.0372680000000000
0.0373000000000000
0.0373330000000000
0.0373650000000000
0.0373720000000000
0.0373980000000000
0.0374240000000000
0.0374310000000000
0.0374630000000000
0.0374770000000000
0.0374960000000000
0.0375030000000000
0.0375290000000000
0.0375620000000000
0.0375820000000000
0.0375960000000000
0.0376290000000000
0.0376620000000000
0.0376890000000000
0.0376960000000000
0.0377290000000000
0.0377430000000000
0.0377630000000000
0.0377690000000000
0.0377960000000000
0.0378230000000000
0.0378300000000000
0.0378640000000000
0.0378780000000000
0.0378980000000000
0.0379050000000000
0.0379320000000000
0.0379660000000000
0.0379870000000000
0.0380010000000000
0.0380140000000000
0.0380350000000000
0.0380690000000000
0.0381040000000000
0.0381250000000000
0.0381390000000000
0.0381520000000000
0.0381730000000000
0.0382080000000000
0.0382360000000000
0.0382430000000000
0.0382780000000000
0.0382920000000000
0.0383130000000000
0.0383200000000000
0.0383480000000000
0.0383760000000000
0.0383840000000000
0.0384050000000000
0.0384190000000000
0.0384330000000000
0.0384540000000000
0.0384620000000000
0.0384900000000000
0.0385190000000000
0.0385260000000000
0.0385610000000000
0.0385760000000000
0.0385970000000000
0.0386330000000000
0.0386620000000000
0.0386690000000000
0.0386910000000000
0.0387060000000000
0.0387200000000000
0.0387420000000000
0.0387490000000000
0.0387780000000000
0.0388080000000000
0.0388150000000000
0.0388370000000000
0.0388510000000000
0.0388660000000000
0.0388880000000000
0.0388950000000000
0.0389250000000000
0.0389620000000000
0.0389840000000000
0.0389990000000000
0.0390140000000000
0.0390360000000000
0.0390430000000000
0.0390730000000000
0.0391030000000000
0.0391110000000000
0.0391480000000000
0.0391630000000000
0.0391860000000000
0.0391930000000000
0.0392230000000000
0.0392530000000000
0.0392610000000000
0.0392840000000000
0.0392990000000000
0.0393140000000000
0.0393370000000000
0.0393440000000000
0.0393750000000000
0.0394060000000000
0.0394130000000000
0.0394360000000000
0.0394510000000000
0.0394670000000000
0.0394900000000000
0.0395280000000000
0.0395590000000000
0.0395670000000000
0.0395900000000000
0.0396060000000000
0.0396210000000000
0.0396450000000000
0.0396530000000000
0.0396840000000000
0.0397230000000000
0.0397460000000000
0.0397620000000000
0.0397780000000000
0.0398010000000000
0.0398410000000000
0.0398730000000000
0.0398810000000000
0.0399040000000000
0.0399200000000000
0.0399360000000000
0.0399600000000000
0.0399680000000000
0.0400000000000000
0.0400320000000000
0.0400400000000000
0.0400640000000000
0.0400800000000000
0.0400960000000000
0.0401210000000000
0.0401290000000000
0.0401610000000000
0.0402020000000000
0.0402260000000000
0.0402420000000000
0.0402580000000000
0.0402830000000000
0.0402910000000000
0.0403240000000000
0.0403650000000000
0.0404060000000000
0.0404230000000000
0.0404470000000000
0.0404560000000000
0.0404890000000000
0.0405220000000000
0.0405300000000000
0.0405550000000000
0.0405720000000000
0.0406000000000000
0.0406140000000000
0.0406220000000000
0.0406560000000000
0.0406890000000000
0.0406980000000000
0.0407230000000000
0.0407400000000000
0.0407820000000000
0.0407910000000000
0.0408250000000000
0.0408590000000000
0.0408670000000000
0.0408930000000000
0.0409100000000000
0.0409270000000000
0.0409530000000000
0.0409620000000000
0.0409960000000000
0.0410300000000000
0.0410390000000000
0.0410650000000000
0.0410820000000000
0.0411000000000000
0.0411260000000000
0.0411350000000000
0.0411690000000000
0.0412130000000000
0.0412390000000000
0.0412570000000000
0.0412740000000000
0.0413010000000000
0.0413100000000000
0.0413450000000000
0.0413800000000000
0.0413890000000000
0.0414160000000000
0.0414340000000000
0.0414510000000000
0.0414780000000000
0.0414870000000000
0.0415230000000000
0.0415590000000000
0.0415680000000000
0.0415950000000000
0.0416130000000000
0.0416580000000000
0.0416670000000000
0.0417030000000000
0.0417480000000000
0.0417760000000000
0.0417940000000000
0.0418120000000000
0.0418400000000000
0.0418490000000000
0.0418850000000000
0.0419220000000000
0.0419310000000000
0.0419590000000000
0.0419780000000000
0.0419960000000000
0.0420240000000000
0.0420330000000000
0.0420700000000000
0.0421080000000000
0.0421170000000000
0.0421450000000000
0.0421640000000000
0.0422110000000000
0.0422200000000000
0.0422580000000000
0.0422950000000000
0.0423050000000000
0.0423330000000000
0.0423520000000000
0.0423710000000000
0.0424000000000000
0.0424050000000000
0.0424090000000000
0.0424480000000000
0.0424860000000000
0.0424960000000000
0.0425240000000000
0.0425440000000000
0.0425630000000000
0.0425920000000000
0.0426010000000000
0.0426400000000000
0.0426790000000000
0.0426890000000000
0.0427050000000000
0.0427180000000000
0.0427370000000000
0.0427570000000000
0.0427860000000000
0.0427960000000000
0.0428350000000000
0.0428750000000000
0.0428850000000000
0.0429140000000000
0.0429340000000000
0.0429540000000000
0.0429830000000000
0.0429930000000000
0.0430330000000000
0.0430730000000000
0.0430830000000000
0.0431130000000000
0.0431330000000000
0.0431530000000000
0.0431830000000000
0.0431930000000000
0.0432340000000000
0.0432740000000000
0.0432840000000000
0.0433150000000000
0.0433350000000000
0.0433550000000000
0.0433860000000000
0.0433960000000000
0.0434370000000000
0.0434780000000000
0.0434890000000000
0.0435190000000000
0.0435400000000000
0.0435610000000000
0.0435920000000000
0.0436020000000000
0.0436440000000000
0.0436850000000000
0.0436960000000000
0.0437270000000000
0.0437480000000000
0.0437690000000000
0.0438000000000000
0.0438110000000000
0.0438530000000000
0.0438950000000000
0.0439060000000000
0.0439370000000000
0.0439590000000000
0.0439800000000000
0.0440120000000000
0.0440230000000000
0.0440650000000000
0.0441080000000000
0.0441190000000000
0.0441510000000000
0.0441730000000000
0.0441940000000000
0.0442270000000000
0.0442370000000000
0.0442570000000000
0.0442810000000000
0.0443050000000000
0.0443240000000000
0.0443290000000000
0.0443350000000000
0.0443680000000000
0.0443900000000000
0.0444120000000000
0.0444440000000000
0.0444550000000000
0.0444750000000000
0.0444990000000000
0.0445440000000000
0.0445550000000000
0.0445880000000000
0.0446100000000000
0.0446320000000000
0.0446660000000000
0.0446770000000000
0.0447210000000000
0.0447660000000000
0.0447770000000000
0.0448110000000000
0.0448340000000000
0.0448560000000000
0.0448900000000000
0.0449010000000000
0.0449470000000000
0.0449920000000000
0.0450040000000000
0.0450380000000000
0.0450610000000000
0.0450830000000000
0.0451180000000000
0.0451290000000000
0.0451750000000000
0.0452220000000000
0.0452330000000000
0.0452680000000000
0.0452910000000000
0.0453140000000000
0.0453490000000000
0.0453610000000000
0.0453820000000000
0.0454080000000000
0.0454550000000000
0.0454660000000000
0.0455020000000000
0.0455250000000000
0.0455490000000000
0.0455840000000000
0.0455960000000000
0.0456440000000000
0.0456910000000000
0.0457030000000000
0.0457390000000000
0.0457630000000000
0.0457870000000000
0.0458230000000000
0.0458350000000000
0.0458830000000000
0.0459320000000000
0.0459440000000000
0.0459800000000000
0.0460040000000000
0.0460290000000000
0.0460650000000000
0.0460720000000000
0.0460780000000000
0.0461270000000000
0.0461760000000000
0.0461880000000000
0.0462090000000000
0.0462250000000000
0.0462500000000000
0.0462740000000000
0.0463120000000000
0.0463240000000000
0.0463740000000000
0.0464240000000000
0.0464360000000000
0.0464740000000000
0.0464990000000000
0.0465240000000000
0.0465620000000000
0.0465750000000000
0.0466250000000000
0.0466760000000000
0.0466890000000000
0.0467270000000000
0.0467380000000000
0.0467520000000000
0.0467780000000000
0.0468160000000000
0.0468290000000000
0.0468810000000000
0.0469320000000000
0.0469450000000000
0.0469840000000000
0.0470100000000000
0.0470360000000000
0.0470750000000000
0.0470880000000000
0.0471400000000000
0.0471930000000000
0.0472060000000000
0.0472460000000000
0.0472720000000000
0.0472980000000000
0.0473380000000000
0.0473510000000000
0.0474050000000000
0.0474580000000000
0.0474710000000000
0.0475110000000000
0.0475380000000000
0.0475650000000000
0.0476060000000000
0.0476190000000000
0.0476730000000000
0.0477270000000000
0.0477410000000000
0.0477820000000000
0.0478090000000000
0.0478360000000000
0.0478780000000000
0.0478910000000000
0.0479460000000000
0.0479770000000000
0.0480020000000000
0.0480150000000000
0.0480570000000000
0.0480710000000000
0.0480850000000000
0.0481130000000000
0.0481540000000000
0.0481680000000000
0.0482240000000000
0.0482800000000000
0.0482950000000000
0.0483370000000000
0.0483650000000000
0.0483810000000000
0.0483930000000000
0.0484360000000000
0.0484500000000000
0.0485070000000000
0.0485640000000000
0.0485790000000000
0.0486220000000000
0.0486500000000000
0.0486790000000000
0.0487230000000000
0.0487370000000000
0.0487950000000000
0.0488530000000000
0.0488680000000000
0.0488920000000000
0.0489120000000000
0.0489410000000000
0.0489700000000000
0.0489900000000000
0.0490140000000000
0.0490290000000000
0.0490880000000000
0.0491470000000000
0.0491620000000000
0.0492070000000000
0.0492370000000000
0.0492660000000000
0.0493110000000000
0.0493260000000000
0.0493860000000000
0.0494470000000000
0.0494620000000000
0.0495070000000000
0.0495380000000000
0.0495680000000000
0.0496140000000000
0.0496220000000000
0.0496290000000000
0.0496900000000000
0.0497520000000000
0.0497670000000000
0.0498140000000000
0.0498440000000000
0.0498620000000000
0.0498750000000000
0.0499220000000000
0.0499380000000000
0.0500000000000000
0.0500350000000000
0.0500630000000000
0.0500700000000000
0.0500780000000000
0.0501250000000000
0.0501570000000000
0.0501890000000000
0.0502360000000000
0.0502520000000000
0.0503150000000000
0.0503510000000000
0.0503790000000000
0.0503950000000000
0.0504430000000000
0.0504750000000000
0.0505080000000000
0.0505560000000000
0.0505720000000000
0.0506370000000000
0.0507020000000000
0.0507090000000000
0.0507180000000000
0.0507670000000000
0.0507820000000000
0.0508000000000000
0.0508180000000000
0.0508330000000000
0.0508820000000000
0.0508990000000000
0.0509650000000000
0.0510310000000000
0.0510480000000000
0.0510980000000000
0.0511120000000000
0.0511310000000000
0.0511640000000000
0.0511870000000000
0.0512150000000000
0.0512320000000000
0.0512990000000000
0.0513670000000000
0.0513830000000000
0.0514340000000000
0.0514500000000000
0.0514690000000000
0.0515030000000000
0.0515250000000000
0.0515540000000000
0.0515710000000000
0.0516400000000000
0.0516780000000000
0.0517090000000000
0.0517260000000000
0.0517780000000000
0.0517930000000000
0.0518130000000000
0.0518320000000000
0.0518480000000000
0.0519000000000000
0.0519170000000000
0.0519490000000000
0.0519880000000000
0.0520580000000000
0.0520660000000000
0.0520760000000000
0.0521050000000000
0.0521290000000000
0.0521440000000000
0.0521640000000000
0.0522000000000000
0.0522530000000000
0.0522710000000000
0.0523420000000000
0.0523820000000000
0.0524140000000000
0.0524220000000000
0.0524320000000000
0.0524860000000000
0.0525020000000000
0.0525230000000000
0.0525430000000000
0.0525590000000000
0.0525830000000000
0.0526130000000000
0.0526230000000000
0.0526320000000000
0.0526640000000000
0.0527050000000000
0.0527450000000000
0.0527780000000000
0.0527960000000000
0.0528520000000000
0.0528890000000000
0.0529260000000000
0.0529810000000000
0.0530000000000000
0.0530330000000000
0.0530740000000000
0.0531160000000000
0.0531490000000000
0.0531680000000000
0.0532000000000000
0.0532250000000000
0.0532620000000000
0.0532830000000000
0.0533000000000000
0.0533570000000000
0.0533760000000000
0.0534100000000000
0.0534520000000000
0.0535290000000000
0.0535370000000000
0.0535480000000000
0.0535800000000000
0.0536060000000000
0.0536230000000000
0.0536440000000000
0.0536660000000000
0.0536830000000000
0.0537090000000000
0.0537410000000000
0.0537600000000000
0.0537950000000000
0.0538380000000000
0.0538820000000000
0.0539160000000000
0.0539360000000000
0.0539860000000000
0.0539950000000000
0.0540120000000000
0.0540340000000000
0.0540560000000000
0.0540740000000000
0.0541000000000000
0.0541330000000000
0.0541530000000000
0.0541880000000000
0.0542330000000000
0.0543130000000000
0.0543330000000000
0.0543390000000000
0.0543660000000000
0.0543930000000000
0.0544330000000000
0.0544560000000000
0.0544730000000000
0.0545000000000000
0.0545340000000000
0.0545540000000000
0.0546360000000000
0.0547180000000000
0.0547380000000000
0.0548000000000000
0.0548180000000000
0.0548410000000000
0.0548820000000000
0.0549190000000000
0.0549440000000000
0.0549560000000000
0.0549650000000000
0.0550480000000000
0.0550950000000000
0.0551320000000000
0.0551410000000000
0.0551530000000000
0.0552160000000000
0.0552340000000000
0.0552580000000000
0.0553000000000000
0.0553280000000000
0.0553640000000000
0.0553750000000000
0.0553850000000000
0.0554700000000000
0.0555170000000000
0.0555560000000000
0.0555650000000000
0.0555770000000000
0.0556410000000000
0.0556700000000000
0.0556850000000000
0.0557280000000000
0.0557570000000000
0.0557930000000000
0.0558050000000000
0.0558150000000000
0.0559020000000000
0.0559500000000000
0.0559890000000000
0.0559990000000000
0.0560110000000000
0.0560480000000000
0.0560770000000000
0.0560970000000000
0.0561210000000000
0.0561460000000000
0.0561660000000000
0.0561950000000000
0.0562320000000000
0.0562450000000000
0.0562540000000000
0.0562940000000000
0.0563440000000000
0.0563930000000000
0.0564330000000000
0.0564430000000000
0.0564560000000000
0.0564930000000000
0.0565230000000000
0.0565430000000000
0.0565690000000000
0.0566140000000000
0.0566820000000000
0.0566950000000000
0.0567050000000000
0.0567450000000000
0.0567760000000000
0.0567960000000000
0.0568470000000000
0.0568880000000000
0.0568980000000000
0.0569110000000000
0.0569490000000000
0.0569800000000000
0.0570010000000000
0.0570270000000000
0.0570520000000000
0.0570730000000000
0.0571040000000000
0.0571430000000000
0.0571560000000000
0.0571660000000000
0.0572080000000000
0.0572600000000000
0.0573120000000000
0.0573540000000000
0.0573640000000000
0.0573780000000000
0.0574170000000000
0.0574480000000000
0.0574700000000000
0.0574800000000000
0.0574960000000000
0.0575220000000000
0.0575440000000000
0.0576150000000000
0.0576280000000000
0.0576390000000000
0.0576820000000000
0.0577350000000000
0.0577890000000000
0.0578310000000000
0.0578560000000000
0.0578960000000000
0.0579070000000000
0.0579280000000000
0.0579500000000000
0.0579770000000000
0.0580040000000000
0.0580260000000000
0.0580580000000000
0.0580990000000000
0.0581130000000000
0.0581240000000000
0.0581680000000000
0.0582220000000000
0.0582770000000000
0.0583210000000000
0.0583320000000000
0.0583460000000000
0.0583870000000000
0.0584210000000000
0.0584430000000000
0.0584710000000000
0.0584980000000000
0.0585210000000000
0.0585540000000000
0.0585960000000000
0.0586210000000000
0.0586660000000000
0.0587220000000000
0.0587780000000000
0.0588240000000000
0.0588350000000000
0.0588490000000000
0.0588910000000000
0.0589260000000000
0.0589480000000000
0.0589770000000000
0.0590050000000000
0.0590280000000000
0.0590620000000000
0.0591050000000000
0.0591200000000000
0.0591310000000000
0.0591770000000000
0.0592350000000000
0.0592930000000000
0.0593390000000000
0.0593510000000000
0.0593650000000000
0.0594090000000000
0.0594440000000000
0.0594960000000000
0.0595260000000000
0.0595490000000000
0.0595840000000000
0.0596280000000000
0.0596430000000000
0.0596550000000000
0.0597020000000000
0.0597610000000000
0.0598210000000000
0.0598680000000000
0.0598800000000000
0.0598950000000000
0.0599400000000000
0.0599760000000000
0.0600000000000000
0.0600300000000000
0.0600480000000000
0.0600600000000000
0.0600840000000000
0.0600960000000000
0.0601200000000000
0.0601660000000000
0.0601810000000000
0.0601930000000000
0.0602410000000000
0.0603020000000000
0.0603630000000000
0.0604120000000000
0.0604240000000000
0.0604400000000000
0.0604860000000000
0.0605230000000000
0.0605470000000000
0.0605780000000000
0.0606090000000000
0.0606340000000000
0.0606710000000000
0.0607180000000000
0.0607330000000000
0.0607460000000000
0.0607960000000000
0.0608330000000000
0.0608580000000000
0.0609210000000000
0.0609330000000000
0.0609710000000000
0.0609840000000000
0.0609990000000000
0.0610280000000000
0.0610470000000000
0.0610850000000000
0.0611100000000000
0.0611420000000000
0.0611740000000000
0.0611990000000000
0.0612370000000000
0.0612850000000000
0.0612880000000000
0.0613010000000000
0.0613140000000000
0.0613650000000000
0.0614300000000000
0.0614940000000000
0.0615460000000000
0.0615590000000000
0.0615750000000000
0.0616240000000000
0.0616630000000000
0.0616890000000000
0.0617210000000000
0.0617540000000000
0.0617800000000000
0.0618200000000000
0.0618690000000000
0.0618850000000000
0.0618980000000000
0.0619510000000000
0.0620170000000000
0.0620700000000000
0.0620840000000000
0.0621240000000000
0.0621370000000000
0.0621500000000000
0.0621670000000000
0.0621770000000000
0.0622170000000000
0.0622570000000000
0.0622840000000000
0.0623180000000000
0.0623480000000000
0.0623510000000000
0.0623780000000000
0.0624190000000000
0.0624700000000000
0.0624860000000000
0.0625000000000000
0.0625540000000000
0.0626220000000000
0.0626910000000000
0.0627460000000000
0.0627590000000000
0.0627760000000000
0.0628280000000000
0.0628690000000000
0.0628970000000000
0.0629320000000000
0.0629660000000000
0.0629940000000000
0.0630360000000000
0.0630880000000000
0.0631050000000000
0.0631190000000000
0.0631750000000000
0.0632460000000000
0.0632850000000000
0.0633160000000000
0.0633720000000000
0.0633870000000000
0.0634040000000000
0.0634430000000000
0.0634570000000000
0.0635000000000000
0.0635290000000000
0.0635640000000000
0.0636000000000000
0.0636280000000000
0.0636710000000000
0.0637250000000000
0.0637290000000000
0.0637430000000000
0.0637580000000000
0.0637860000000000
0.0638150000000000
0.0638440000000000
0.0638880000000000
0.0639600000000000
0.0640180000000000
0.0640330000000000
0.0640510000000000
0.0641060000000000
0.0641350000000000
0.0641500000000000
0.0641790000000000
0.0642160000000000
0.0642530000000000
0.0642820000000000
0.0643270000000000
0.0643820000000000
0.0644010000000000
0.0644160000000000
0.0644750000000000
0.0644900000000000
0.0645500000000000
0.0646250000000000
0.0646850000000000
0.0647000000000000
0.0647180000000000
0.0647750000000000
0.0648200000000000
0.0648510000000000
0.0648890000000000
0.0649270000000000
0.0649570000000000
0.0650030000000000
0.0650330000000000
0.0650600000000000
0.0650790000000000
0.0650940000000000
0.0651560000000000
0.0652330000000000
0.0653100000000000
0.0653720000000000
0.0653880000000000
0.0654070000000000
0.0654650000000000
0.0655120000000000
0.0655280000000000
0.0655430000000000
0.0655830000000000
0.0656220000000000
0.0656530000000000
0.0657000000000000
0.0657600000000000
0.0657790000000000
0.0657950000000000
0.0658590000000000
0.0659380000000000
0.0660180000000000
0.0660340000000000
0.0660820000000000
0.0660980000000000
0.0661180000000000
0.0661620000000000
0.0661780000000000
0.0662270000000000
0.0662590000000000
0.0662910000000000
0.0662990000000000
0.0663360000000000
0.0663400000000000
0.0663720000000000
0.0664210000000000
0.0664820000000000
0.0665030000000000
0.0665190000000000
0.0665850000000000
0.0666670000000000
0.0667490000000000
0.0668150000000000
0.0668320000000000
0.0668530000000000
0.0668900000000000
0.0669150000000000
0.0669650000000000
0.0669980000000000
0.0670030000000000
0.0670400000000000
0.0670820000000000
0.0671160000000000
0.0671660000000000
0.0672170000000000
0.0672290000000000
0.0672500000000000
0.0672670000000000
0.0673350000000000
0.0674200000000000
0.0675050000000000
0.0675740000000000
0.0675910000000000
0.0676120000000000
0.0676250000000000
0.0676770000000000
0.0677290000000000
0.0677630000000000
0.0678060000000000
0.0678500000000000
0.0678840000000000
0.0679370000000000
0.0680020000000000
0.0680240000000000
0.0680410000000000
0.0681110000000000
0.0681990000000000
0.0682880000000000
0.0683230000000000
0.0683590000000000
0.0683760000000000
0.0683940000000000
0.0683990000000000
0.0684650000000000
0.0685190000000000
0.0685550000000000
0.0685990000000000
0.0686400000000000
0.0686440000000000
0.0686800000000000
0.0687010000000000
0.0687340000000000
0.0688020000000000
0.0688250000000000
0.0688430000000000
0.0688530000000000
0.0689040000000000
0.0689150000000000
0.0690070000000000
0.0690430000000000
0.0690980000000000
0.0691710000000000
0.0691900000000000
0.0692130000000000
0.0692540000000000
0.0692820000000000
0.0693380000000000
0.0693750000000000
0.0694210000000000
0.0694680000000000
0.0695050000000000
0.0695610000000000
0.0696310000000000
0.0696360000000000
0.0696550000000000
0.0696730000000000
0.0697490000000000
0.0698430000000000
0.0698620000000000
0.0698860000000000
0.0699380000000000
0.0700140000000000
0.0700330000000000
0.0700570000000000
0.0701290000000000
0.0701670000000000
0.0701860000000000
0.0702250000000000
0.0702440000000000
0.0702730000000000
0.0703210000000000
0.0703600000000000
0.0704180000000000
0.0704910000000000
0.0705150000000000
0.0705350000000000
0.0705540000000000
0.0706130000000000
0.0706320000000000
0.0707110000000000
0.0708090000000000
0.0708880000000000
0.0709080000000000
0.0709330000000000
0.0709480000000000
0.0710070000000000
0.0710270000000000
0.0710670000000000
0.0711070000000000
0.0711570000000000
0.0711870000000000
0.0712070000000000
0.0712470000000000
0.0712670000000000
0.0713070000000000
0.0713830000000000
0.0714080000000000
0.0714290000000000
0.0714400000000000
0.0714740000000000
0.0714970000000000
0.0715100000000000
0.0715540000000000
0.0716110000000000
0.0716730000000000
0.0717140000000000
0.0717550000000000
0.0717960000000000
0.0718160000000000
0.0718370000000000
0.0718420000000000
0.0718890000000000
0.0719190000000000
0.0719580000000000
0.0719820000000000
0.0720230000000000
0.0720750000000000
0.0721270000000000
0.0721690000000000
0.0722320000000000
0.0723100000000000
0.0723360000000000
0.0723570000000000
0.0723690000000000
0.0724210000000000
0.0724420000000000
0.0724520000000000
0.0725480000000000
0.0725900000000000
0.0726070000000000
0.0726540000000000
0.0726750000000000
0.0727390000000000
0.0727610000000000
0.0727870000000000
0.0728680000000000
0.0728840000000000
0.0729320000000000
0.0729760000000000
0.0730190000000000
0.0730300000000000
0.0730840000000000
0.0731270000000000
0.0731930000000000
0.0732740000000000
0.0733020000000000
0.0733240000000000
0.0733670000000000
0.0734110000000000
0.0734720000000000
0.0735210000000000
0.0736210000000000
0.0736320000000000
0.0737210000000000
0.0737430000000000
0.0737710000000000
0.0738550000000000
0.0739220000000000
0.0739670000000000
0.0740230000000000
0.0740740000000000
0.0740800000000000
0.0741250000000000
0.0741700000000000
0.0741930000000000
0.0742610000000000
0.0742780000000000
0.0743070000000000
0.0743290000000000
0.0743520000000000
0.0744210000000000
0.0744440000000000
0.0745360000000000
0.0746280000000000
0.0746510000000000
0.0747200000000000
0.0747440000000000
0.0747670000000000
0.0747960000000000
0.0748130000000000
0.0748830000000000
0.0749060000000000
0.0749530000000000
0.0750000000000000
0.0750590000000000
0.0750940000000000
0.0751170000000000
0.0751650000000000
0.0752350000000000
0.0753240000000000
0.0753540000000000
0.0753780000000000
0.0753910000000000
0.0754730000000000
0.0755690000000000
0.0755930000000000
0.0757130000000000
0.0757610000000000
0.0758100000000000
0.0758340000000000
0.0758580000000000
0.0758640000000000
0.0759550000000000
0.0760290000000000
0.0760530000000000
0.0760770000000000
0.0761390000000000
0.0761510000000000
0.0762000000000000
0.0762490000000000
0.0763230000000000
0.0763480000000000
0.0764160000000000
0.0764470000000000
0.0764720000000000
0.0765470000000000
0.0765710000000000
0.0766960000000000
0.0767470000000000
0.0767670000000000
0.0768220000000000
0.0768470000000000
0.0769230000000000
0.0769480000000000
0.0769800000000000
0.0770500000000000
0.0770750000000000
0.0771520000000000
0.0772030000000000
0.0772540000000000
0.0772670000000000
0.0773240000000000
0.0773310000000000
0.0773820000000000
0.0774600000000000
0.0775570000000000
0.0775630000000000
0.0775890000000000
0.0776150000000000
0.0776300000000000
0.0777190000000000
0.0777710000000000
0.0778500000000000
0.0778760000000000
0.0779810000000000
0.0780870000000000
0.0781130000000000
0.0781460000000000
0.0781930000000000
0.0782460000000000
0.0783260000000000
0.0783790000000000
0.0784060000000000
0.0784460000000000
0.0785140000000000
0.0785220000000000
0.0785670000000000
0.0786210000000000
0.0786480000000000
0.0787300000000000
0.0787500000000000
0.0787840000000000
0.0788110000000000
0.0789030000000000
0.0789200000000000
0.0790570000000000
0.0791340000000000
0.0791670000000000
0.0791950000000000
0.0793050000000000
0.0793330000000000
0.0793680000000000
0.0793880000000000
0.0794720000000000
0.0794930000000000
0.0795000000000000
0.0795560000000000
0.0796120000000000
0.0796820000000000
0.0797240000000000
0.0797520000000000
0.0798090000000000
0.0798720000000000
0.0798940000000000
0.0800000000000000
0.0800360000000000
0.0800640000000000
0.0801780000000000
0.0802410000000000
0.0802570000000000
0.0803220000000000
0.0804080000000000
0.0804520000000000
0.0804660000000000
0.0805240000000000
0.0805820000000000
0.0806110000000000
0.0806400000000000
0.0806480000000000
0.0807300000000000
0.0807570000000000
0.0808450000000000
0.0809040000000000
0.0809780000000000
0.0809920000000000
0.0810510000000000
0.0810610000000000
0.0811110000000000
0.0812000000000000
0.0812300000000000
0.0813120000000000
0.0813490000000000
0.0813790000000000
0.0814690000000000
0.0814990000000000
0.0816500000000000
0.0817100000000000
0.0818010000000000
0.0818320000000000
0.0819230000000000
0.0819540000000000
0.0819920000000000
0.0820760000000000
0.0821070000000000
0.0821990000000000
0.0822610000000000
0.0823230000000000
0.0823390000000000
0.0824160000000000
0.0824260000000000
0.0824470000000000
0.0824790000000000
0.0825720000000000
0.0826900000000000
0.0827290000000000
0.0827610000000000
0.0828240000000000
0.0828670000000000
0.0828870000000000
0.0829030000000000
0.0829500000000000
0.0829560000000000
0.0830450000000000
0.0830770000000000
0.0831170000000000
0.0832050000000000
0.0833330000000000
0.0833660000000000
0.0834060000000000
0.0834620000000000
0.0835270000000000
0.0835880000000000
0.0836240000000000
0.0836890000000000
0.0837220000000000
0.0837710000000000
0.0838530000000000
0.0839180000000000
0.0839840000000000
0.0839920000000000
0.0840170000000000
0.0841160000000000
0.0841410000000000
0.0841820000000000
0.0842150000000000
0.0842340000000000
0.0842480000000000
0.0843270000000000
0.0843480000000000
0.0843820000000000
0.0845150000000000
0.0846100000000000
0.0846500000000000
0.0846670000000000
0.0846840000000000
0.0847050000000000
0.0847850000000000
0.0848000000000000
0.0848190000000000
0.0848530000000000
0.0848950000000000
0.0849720000000000
0.0849910000000000
0.0850230000000000
0.0850570000000000
0.0851260000000000
0.0851940000000000
0.0852800000000000
0.0853670000000000
0.0854360000000000
0.0855400000000000
0.0855920000000000
0.0856100000000000
0.0856710000000000
0.0857140000000000
0.0857490000000000
0.0858680000000000
0.0858900000000000
0.0860310000000000
0.0860660000000000
0.0861730000000000
0.0862440000000000
0.0863060000000000
0.0863150000000000
0.0863670000000000
0.0863870000000000
0.0864230000000000
0.0864590000000000
0.0864680000000000
0.0865480000000000
0.0866030000000000
0.0866700000000000
0.0867110000000000
0.0867470000000000
0.0867720000000000
0.0867840000000000
0.0867930000000000
0.0868740000000000
0.0868930000000000
0.0869660000000000
0.0869770000000000
0.0870390000000000
0.0871490000000000
0.0871860000000000
0.0872870000000000
0.0873330000000000
0.0873700000000000
0.0873910000000000
0.0874820000000000
0.0875190000000000
0.0875380000000000
0.0876010000000000
0.0876310000000000
0.0877060000000000
0.0877810000000000
0.0878110000000000
0.0878940000000000
0.0879320000000000
0.0880450000000000
0.0880830000000000
0.0881310000000000
0.0882350000000000
0.0882380000000000
0.0882730000000000
0.0883020000000000
0.0883450000000000
0.0883880000000000
0.0884530000000000
0.0884650000000000
0.0885420000000000
0.0885610000000000
0.0886580000000000
0.0886970000000000
0.0887360000000000
0.0887790000000000
0.0888230000000000
0.0888520000000000
0.0888890000000000
0.0889990000000000
0.0890090000000000
0.0890480000000000
0.0890870000000000
0.0891090000000000
0.0891660000000000
0.0892450000000000
0.0893240000000000
0.0893310000000000
0.0893530000000000
0.0894430000000000
0.0894820000000000
0.0895550000000000
0.0896420000000000
0.0896670000000000
0.0897800000000000
0.0898030000000000
0.0898430000000000
0.0898930000000000
0.0899640000000000
0.0900070000000000
0.0900450000000000
0.0901210000000000
0.0901670000000000
0.0902360000000000
0.0902490000000000
0.0902890000000000
0.0903510000000000
0.0904430000000000
0.0904530000000000
0.0904660000000000
0.0905360000000000
0.0905820000000000
0.0906180000000000
0.0906600000000000
0.0907220000000000
0.0907840000000000
0.0908150000000000
0.0908670000000000
0.0909090000000000
0.0909330000000000
0.0909510000000000
0.0910030000000000
0.0910500000000000
0.0910770000000000
0.0911190000000000
0.0911680000000000
0.0912870000000000
0.0914060000000000
0.0914570000000000
0.0914990000000000
0.0915260000000000
0.0915740000000000
0.0916270000000000
0.0916700000000000
0.0917130000000000
0.0917660000000000
0.0917990000000000
0.0918630000000000
0.0919280000000000
0.0919710000000000
0.0920570000000000
0.0921310000000000
0.0921440000000000
0.0921550000000000
0.0922530000000000
0.0923190000000000
0.0923620000000000
0.0923760000000000
0.0924500000000000
0.0924940000000000
0.0924990000000000
0.0925820000000000
0.0926230000000000
0.0926700000000000
0.0927480000000000
0.0928030000000000
0.0928480000000000
0.0929980000000000
0.0930260000000000
0.0932050000000000
0.0932500000000000
0.0933520000000000
0.0933770000000000
0.0933860000000000
0.0934770000000000
0.0935050000000000
0.0935670000000000
0.0936330000000000
0.0936590000000000
0.0937040000000000
0.0937500000000000
0.0937610000000000
0.0938650000000000
0.0938910000000000
0.0939340000000000
0.0939680000000000
0.0940720000000000
0.0941180000000000
0.0941650000000000
0.0942810000000000
0.0943040000000000
0.0943980000000000
0.0944120000000000
0.0944910000000000
0.0945440000000000
0.0945970000000000
0.0946320000000000
0.0946790000000000
0.0948090000000000
0.0948680000000000
0.0949160000000000
0.0949430000000000
0.0950590000000000
0.0950770000000000
0.0951060000000000
0.0952110000000000
0.0952500000000000
0.0953460000000000
0.0954430000000000
0.0954820000000000
0.0955640000000000
0.0955880000000000
0.0956180000000000
0.0956370000000000
0.0957550000000000
0.0957830000000000
0.0958310000000000
0.0958930000000000
0.0960280000000000
0.0960310000000000
0.0960770000000000
0.0961690000000000
0.0962250000000000
0.0963090000000000
0.0963240000000000
0.0964240000000000
0.0964490000000000
0.0965610000000000
0.0965730000000000
0.0965890000000000
0.0966230000000000
0.0966740000000000
0.0967300000000000
0.0968250000000000
0.0968720000000000
0.0970140000000000
0.0970270000000000
0.0970780000000000
0.0971290000000000
0.0971570000000000
0.0972310000000000
0.0973010000000000
0.0973330000000000
0.0974350000000000
0.0974450000000000
0.0975900000000000
0.0976420000000000
0.0977060000000000
0.0977360000000000
0.0978490000000000
0.0979400000000000
0.0980290000000000
0.0980580000000000
0.0981100000000000
0.0981760000000000
0.0982680000000000
0.0982950000000000
0.0983240000000000
0.0983740000000000
0.0984730000000000
0.0984800000000000
0.0985330000000000
0.0986230000000000
0.0986390000000000
0.0986530000000000
0.0986930000000000
0.0987730000000000
0.0989070000000000
0.0989240000000000
0.0990150000000000
0.0990750000000000
0.0991230000000000
0.0991770000000000
0.0992280000000000
0.0993400000000000
0.0993810000000000
0.0994490000000000
0.0995040000000000
0.0995350000000000
0.0995580000000000
0.0996890000000000
0.0997230000000000
0.0997790000000000
0.0998010000000000
0.0998440000000000
0.100000000000000
0.100125000000000
0.100157000000000
0.100167000000000
0.100223000000000
0.100279000000000
0.100314000000000
0.100447000000000
0.100472000000000
0.100504000000000
0.100560000000000
0.100631000000000
0.100673000000000
0.100791000000000
0.100844000000000
0.100887000000000
0.100901000000000
0.100951000000000
0.101015000000000
0.101112000000000
0.101130000000000
0.101274000000000
0.101361000000000
0.101419000000000
0.101437000000000
0.101535000000000
0.101593000000000
0.101600000000000
0.101666000000000
0.101710000000000
0.101764000000000
0.101827000000000
0.101929000000000
0.102003000000000
0.102062000000000
0.102095000000000
0.102262000000000
0.102299000000000
0.102430000000000
0.102463000000000
0.102538000000000
0.102598000000000
0.102767000000000
0.102778000000000
0.102869000000000
0.102899000000000
0.102937000000000
0.103020000000000
0.103108000000000
0.103142000000000
0.103203000000000
0.103264000000000
0.103280000000000
0.103452000000000
0.103510000000000
0.103626000000000
0.103695000000000
0.103757000000000
0.103800000000000
0.103819000000000
0.103882000000000
0.103975000000000
0.104006000000000
0.104116000000000
0.104132000000000
0.104151000000000
0.104257000000000
0.104328000000000
0.104447000000000
0.104506000000000
0.104510000000000
0.104542000000000
0.104685000000000
0.104765000000000
0.104828000000000
0.104865000000000
0.104973000000000
0.105021000000000
0.105045000000000
0.105085000000000
0.105227000000000
0.105279000000000
0.105409000000000
0.105540000000000
0.105593000000000
0.105736000000000
0.105777000000000
0.105802000000000
0.105851000000000
0.105963000000000
0.106000000000000
0.106066000000000
0.106149000000000
0.106332000000000
0.106336000000000
0.106399000000000
0.106525000000000
0.106600000000000
0.106714000000000
0.106735000000000
0.106752000000000
0.106871000000000
0.106904000000000
0.107058000000000
0.107075000000000
0.107096000000000
0.107143000000000
0.107211000000000
0.107288000000000
0.107366000000000
0.107417000000000
0.107482000000000
0.107676000000000
0.107694000000000
0.107763000000000
0.107833000000000
0.107872000000000
0.107972000000000
0.108069000000000
0.108112000000000
0.108148000000000
0.108253000000000
0.108266000000000
0.108465000000000
0.108536000000000
0.108625000000000
0.108665000000000
0.108821000000000
0.108866000000000
0.109068000000000
0.109109000000000
0.109181000000000
0.109272000000000
0.109399000000000
0.109435000000000
0.109476000000000
0.109545000000000
0.109599000000000
0.109682000000000
0.109691000000000
0.109764000000000
0.109888000000000
0.109911000000000
0.109985000000000
0.110096000000000
0.110282000000000
0.110305000000000
0.110432000000000
0.110516000000000
0.110581000000000
0.110657000000000
0.110702000000000
0.110727000000000
0.110883000000000
0.110940000000000
0.111035000000000
0.111111000000000
0.111154000000000
0.111187000000000
0.111369000000000
0.111417000000000
0.111456000000000
0.111494000000000
0.111586000000000
0.111803000000000
0.112022000000000
0.112115000000000
0.112194000000000
0.112243000000000
0.112430000000000
0.112464000000000
0.112509000000000
0.112588000000000
0.112687000000000
0.112747000000000
0.112911000000000
0.112987000000000
0.113067000000000
0.113137000000000
0.113228000000000
0.113364000000000
0.113389000000000
0.113592000000000
0.113715000000000
0.113776000000000
0.113796000000000
0.113822000000000
0.113961000000000
0.114043000000000
0.114053000000000
0.114208000000000
0.114258000000000
0.114286000000000
0.114332000000000
0.114374000000000
0.114520000000000
0.114624000000000
0.114708000000000
0.114755000000000
0.114992000000000
0.115045000000000
0.115230000000000
0.115385000000000
0.115470000000000
0.115711000000000
0.115728000000000
0.115900000000000
0.115954000000000
0.116052000000000
0.116073000000000
0.116199000000000
0.116248000000000
0.116335000000000
0.116423000000000
0.116445000000000
0.116642000000000
0.116692000000000
0.116775000000000
0.116881000000000
0.116941000000000
0.117041000000000
0.117130000000000
0.117192000000000
0.117220000000000
0.117363000000000
0.117444000000000
0.117489000000000
0.117670000000000
0.117698000000000
0.117851000000000
0.117954000000000
0.118125000000000
0.118211000000000
0.118217000000000
0.118470000000000
0.118585000000000
0.118678000000000
0.118730000000000
0.118958000000000
0.118993000000000
0.119051000000000
0.119098000000000
0.119239000000000
0.119257000000000
0.119334000000000
0.119523000000000
0.119713000000000
0.119737000000000
0.119791000000000
0.119952000000000
0.120000000000000
0.120060000000000
0.120096000000000
0.120331000000000
0.120386000000000
0.120483000000000
0.120605000000000
0.120873000000000
0.120880000000000
0.120913000000000
0.120972000000000
0.121046000000000
0.121157000000000
0.121268000000000
0.121435000000000
0.121447000000000
0.121466000000000
0.121666000000000
0.121716000000000
0.121806000000000
0.121967000000000
0.121988000000000
0.121999000000000
0.122068000000000
0.122169000000000
0.122284000000000
0.122398000000000
0.122474000000000
0.122570000000000
0.122859000000000
0.122885000000000
0.122988000000000
0.123091000000000
0.123150000000000
0.123299000000000
0.123443000000000
0.123466000000000
0.123508000000000
0.123718000000000
0.123738000000000
0.123797000000000
0.124035000000000
0.124141000000000
0.124334000000000
0.124515000000000
0.124568000000000
0.124635000000000
0.124939000000000
0.125000000000000
0.125109000000000
0.125196000000000
0.125245000000000
0.125436000000000
0.125553000000000
0.125656000000000
0.125863000000000
0.125877000000000
0.125988000000000
0.126176000000000
0.126211000000000
0.126323000000000
0.126491000000000
0.126745000000000
0.126773000000000
0.126809000000000
0.127000000000000
0.127128000000000
0.127205000000000
0.127228000000000
0.127343000000000
0.127451000000000
0.127515000000000
0.127688000000000
0.127775000000000
0.127827000000000
0.127920000000000
0.128037000000000
0.128103000000000
0.128154000000000
0.128300000000000
0.128432000000000
0.128506000000000
0.128624000000000
0.128765000000000
0.129099000000000
0.129437000000000
0.129460000000000
0.129532000000000
0.129580000000000
0.129701000000000
0.129777000000000
0.129914000000000
0.129969000000000
0.130066000000000
0.130120000000000
0.130189000000000
0.130312000000000
0.130466000000000
0.130558000000000
0.130744000000000
0.130814000000000
0.130931000000000
0.131024000000000
0.131056000000000
0.131165000000000
0.131306000000000
0.131519000000000
0.131559000000000
0.131590000000000
0.131876000000000
0.131991000000000
0.132068000000000
0.132196000000000
0.132236000000000
0.132453000000000
0.132583000000000
0.132599000000000
0.132686000000000
0.132842000000000
0.132964000000000
0.133038000000000
0.133103000000000
0.133235000000000
0.133333000000000
0.133498000000000
0.133631000000000
0.133705000000000
0.134030000000000
0.134080000000000
0.134164000000000
0.134231000000000
0.134459000000000
0.134704000000000
0.134840000000000
0.135147000000000
0.135225000000000
0.135250000000000
0.135457000000000
0.135526000000000
0.135613000000000
0.135804000000000
0.136004000000000
0.136083000000000
0.136223000000000
0.136364000000000
0.136399000000000
0.136505000000000
0.136797000000000
0.136931000000000
0.137038000000000
0.137199000000000
0.137361000000000
0.137505000000000
0.137604000000000
0.137649000000000
0.138013000000000
0.138086000000000
0.138380000000000
0.138426000000000
0.138675000000000
0.138842000000000
0.139010000000000
0.139122000000000
0.139262000000000
0.139272000000000
0.139347000000000
0.139482000000000
0.139686000000000
0.139876000000000
0.140028000000000
0.140114000000000
0.140488000000000
0.140546000000000
0.140642000000000
0.140720000000000
0.140952000000000
0.140981000000000
0.141069000000000
0.141108000000000
0.141421000000000
0.141737000000000
0.141865000000000
0.141990000000000
0.142134000000000
0.142214000000000
0.142314000000000
0.142374000000000
0.142766000000000
0.142857000000000
0.143019000000000
0.143223000000000
0.143444000000000
0.143592000000000
0.143674000000000
0.143684000000000
0.143839000000000
0.144150000000000
0.144338000000000
0.144620000000000
0.144639000000000
0.144673000000000
0.145010000000000
0.145095000000000
0.145479000000000
0.145521000000000
0.145575000000000
0.145693000000000
0.145865000000000
0.146059000000000
0.146385000000000
0.146549000000000
0.146647000000000
0.147043000000000
0.147087000000000
0.147264000000000
0.147442000000000
0.147542000000000
0.147799000000000
0.147844000000000
0.148047000000000
0.148159000000000
0.148522000000000
0.148556000000000
0.149071000000000
0.149256000000000
0.149487000000000
0.149592000000000
0.150000000000000
0.150117000000000
0.150329000000000
0.150649000000000
0.150756000000000
0.150946000000000
0.151099000000000
0.151186000000000
0.151446000000000
0.151523000000000
0.151620000000000
0.151729000000000
0.151911000000000
0.152057000000000
0.152277000000000
0.152302000000000
0.152499000000000
0.152832000000000
0.152894000000000
0.152944000000000
0.153093000000000
0.153393000000000
0.153574000000000
0.153897000000000
0.153960000000000
0.154303000000000
0.154533000000000
0.154713000000000
0.154919000000000
0.155113000000000
0.155417000000000
0.155543000000000
0.155700000000000
0.155794000000000
0.155963000000000
0.156174000000000
0.156293000000000
0.156386000000000
0.156652000000000
0.156893000000000
0.157027000000000
0.157135000000000
0.157243000000000
0.157329000000000
0.157500000000000
0.157622000000000
0.158114000000000
0.158610000000000
0.158735000000000
0.159000000000000
0.159223000000000
0.159364000000000
0.159719000000000
0.159901000000000
0.160000000000000
0.160128000000000
0.160357000000000
0.160644000000000
0.160817000000000
0.161296000000000
0.161515000000000
0.161690000000000
0.161749000000000
0.161955000000000
0.162221000000000
0.162623000000000
0.162650000000000
0.162698000000000
0.163299000000000
0.163517000000000
0.163663000000000
0.163908000000000
0.163956000000000
0.163984000000000
0.164399000000000
0.164646000000000
0.164677000000000
0.164845000000000
0.164957000000000
0.165145000000000
0.165295000000000
0.165380000000000
0.165521000000000
0.165647000000000
0.166091000000000
0.166410000000000
0.166667000000000
0.166812000000000
0.167132000000000
0.167248000000000
0.167542000000000
0.167600000000000
0.167705000000000
0.168281000000000
0.168430000000000
0.168763000000000
0.169031000000000
0.169638000000000
0.169791000000000
0.169842000000000
0.170005000000000
0.170251000000000
0.170389000000000
0.170561000000000
0.170941000000000
0.170996000000000
0.171341000000000
0.171499000000000
0.171780000000000
0.172062000000000
0.172133000000000
0.172774000000000
0.172935000000000
0.173032000000000
0.173205000000000
0.173422000000000
0.173553000000000
0.173749000000000
0.174078000000000
0.174371000000000
0.174574000000000
0.174667000000000
0.175412000000000
0.175562000000000
0.175682000000000
0.176090000000000
0.176166000000000
0.176261000000000
0.176777000000000
0.177123000000000
0.177332000000000
0.177471000000000
0.177705000000000
0.177998000000000
0.178017000000000
0.178174000000000
0.178885000000000
0.179284000000000
0.179605000000000
0.179787000000000
0.180187000000000
0.180334000000000
0.180579000000000
0.180702000000000
0.180907000000000
0.181071000000000
0.181369000000000
0.181568000000000
0.181631000000000
0.181902000000000
0.182574000000000
0.183254000000000
0.183340000000000
0.183533000000000
0.183804000000000
0.184115000000000
0.184289000000000
0.184506000000000
0.184637000000000
0.184900000000000
0.185058000000000
0.185496000000000
0.185695000000000
0.186052000000000
0.186339000000000
0.186501000000000
0.186989000000000
0.187317000000000
0.187500000000000
0.187523000000000
0.187867000000000
0.188144000000000
0.188562000000000
0.188982000000000
0.189618000000000
0.189661000000000
0.189737000000000
0.189832000000000
0.190347000000000
0.190500000000000
0.190693000000000
0.191040000000000
0.191273000000000
0.191663000000000
0.191741000000000
0.191785000000000
0.192055000000000
0.192450000000000
0.192897000000000
0.193167000000000
0.193347000000000
0.193649000000000
0.194029000000000
0.194257000000000
0.195180000000000
0.195283000000000
0.195366000000000
0.195698000000000
0.196116000000000
0.196352000000000
0.196960000000000
0.197066000000000
0.197546000000000
0.197814000000000
0.198030000000000
0.198680000000000
0.198762000000000
0.199007000000000
0.199205000000000
0.200000000000000
0.200446000000000
0.201008000000000
0.201262000000000
0.201619000000000
0.202031000000000
0.202260000000000
0.202444000000000
0.202548000000000
0.203069000000000
0.203859000000000
0.204124000000000
0.204598000000000
0.204980000000000
0.205196000000000
0.205847000000000
0.206041000000000
0.206284000000000
0.206559000000000
0.206725000000000
0.207020000000000
0.207390000000000
0.207614000000000
0.207950000000000
0.208013000000000
0.208514000000000
0.209370000000000
0.209427000000000
0.209529000000000
0.209657000000000
0.210042000000000
0.210352000000000
0.210819000000000
0.211289000000000
0.212132000000000
0.212238000000000
0.212298000000000
0.213201000000000
0.213809000000000
0.214176000000000
0.214286000000000
0.214423000000000
0.214834000000000
0.215166000000000
0.215353000000000
0.215666000000000
0.216169000000000
0.216506000000000
0.216930000000000
0.217186000000000
0.217643000000000
0.218218000000000
0.218543000000000
0.218797000000000
0.219265000000000
0.219529000000000
0.219971000000000
0.220193000000000
0.220326000000000
0.220564000000000
0.220863000000000
0.221163000000000
0.221880000000000
0.222222000000000
0.223607000000000
0.224733000000000
0.225018000000000
0.225374000000000
0.226134000000000
0.226455000000000
0.226779000000000
0.227038000000000
0.227185000000000
0.227429000000000
0.227921000000000
0.228218000000000
0.228748000000000
0.229039000000000
0.229416000000000
0.230089000000000
0.230633000000000
0.230940000000000
0.231455000000000
0.231869000000000
0.232495000000000
0.232889000000000
0.233126000000000
0.233550000000000
0.234082000000000
0.234261000000000
0.234404000000000
0.234888000000000
0.235702000000000
0.236940000000000
0.237023000000000
0.237171000000000
0.237356000000000
0.239046000000000
0.239732000000000
0.240192000000000
0.240772000000000
0.240966000000000
0.241121000000000
0.241209000000000
0.242536000000000
0.243332000000000
0.243432000000000
0.243975000000000
0.244339000000000
0.244949000000000
0.245440000000000
0.245718000000000
0.246183000000000
0.246598000000000
0.246932000000000
0.247436000000000
0.248069000000000
0.248452000000000
0.249136000000000
0.250000000000000
0.250490000000000
0.251577000000000
0.251976000000000
0.252982000000000
0.253185000000000
0.253546000000000
0.254000000000000
0.255377000000000
0.255551000000000
0.256495000000000
0.257248000000000
0.258199000000000
0.259938000000000
0.260378000000000
0.260931000000000
0.261116000000000
0.261712000000000
0.262613000000000
0.263117000000000
0.263523000000000
0.263752000000000
0.264906000000000
0.265165000000000
0.265372000000000
0.266667000000000
0.267261000000000
0.268328000000000
0.269191000000000
0.269408000000000
0.269680000000000
0.270501000000000
0.271163000000000
0.272166000000000
0.272798000000000
0.273179000000000
0.273861000000000
0.274721000000000
0.275241000000000
0.276026000000000
0.277350000000000
0.278543000000000
0.279372000000000
0.279508000000000
0.279751000000000
0.280056000000000
0.281718000000000
0.282843000000000
0.283473000000000
0.283981000000000
0.285714000000000
0.286039000000000
0.286299000000000
0.286446000000000
0.288675000000000
0.290191000000000
0.291111000000000
0.291730000000000
0.292770000000000
0.293610000000000
0.294086000000000
0.294174000000000
0.294884000000000
0.296174000000000
0.298142000000000
0.298807000000000
0.300000000000000
0.301511000000000
0.302372000000000
0.304290000000000
0.304997000000000
0.306186000000000
0.306786000000000
0.307148000000000
0.307794000000000
0.308607000000000
0.310087000000000
0.311086000000000
0.311400000000000
0.312348000000000
0.312772000000000
0.313112000000000
0.316228000000000
0.319438000000000
0.319801000000000
0.320256000000000
0.321288000000000
0.322749000000000
0.324443000000000
0.325396000000000
0.326164000000000
0.326599000000000
0.327327000000000
0.328798000000000
0.329690000000000
0.332182000000000
0.333333000000000
0.335410000000000
0.337100000000000
0.338062000000000
0.340997000000000
0.342997000000000
0.344124000000000
0.344265000000000
0.345033000000000
0.346410000000000
0.348155000000000
0.349215000000000
0.350823000000000
0.353553000000000
0.357771000000000
0.358057000000000
0.358569000000000
0.359211000000000
0.362738000000000
0.363803000000000
0.365148000000000
0.367607000000000
0.371391000000000
0.372104000000000
0.372678000000000
0.373002000000000
0.375000000000000
0.377964000000000
0.381385000000000
0.383482000000000
0.384900000000000
0.387298000000000
0.389249000000000
0.390360000000000
0.392232000000000
0.395285000000000
0.400000000000000
0.400892000000000
0.401610000000000
0.404520000000000
0.408248000000000
0.410391000000000
0.415227000000000
0.416025000000000
0.417029000000000
0.421637000000000
0.422577000000000
0.424264000000000
0.426401000000000
0.430331000000000
0.433013000000000
0.433861000000000
0.436436000000000
0.438529000000000
0.447214000000000
0.452267000000000
0.456435000000000
0.458831000000000
0.461880000000000
0.466252000000000
0.471405000000000
0.474342000000000
0.476731000000000
0.478091000000000
0.485071000000000
0.487950000000000
0.496139000000000
0.500000000000000
0.507093000000000
0.512989000000000
0.516398000000000
0.527046000000000
0.530330000000000
0.534522000000000
0.539360000000000
0.542326000000000
0.547723000000000
0.554700000000000
0.559017000000000
0.565685000000000
0.566947000000000
0.577350000000000
0.596285000000000
0.597614000000000
0.600000000000000
0.603023000000000
0.612372000000000
0.620174000000000
0.632456000000000
0.645497000000000
0.666667000000000
0.670820000000000
0.674200000000000
0.676123000000000
0.707107000000000
0.730297000000000
0.745356000000000
0.750000000000000
0.755929000000000
0.774597000000000
0.790569000000000
0.800000000000000
0.816497000000000
0.845154000000000
0.866025000000000
0.894427000000000
0.912871000000000
1
